0.1942772
0.1309299
0.1467949
0.1623117
0.0919619
0.1352081
0.1195787
0.1119968
0.1403548
0.1166977
0.1276852
0.1297672
0.1179252
0.1299604
0.1232156
0.1233237
0.1282152
0.1223202
0.126168
0.1255077
0.1235708
0.1263769
0.1242836
0.124906
0.1256155
0.1243161
0.1254145
0.1249706
0.1247464
0.1253301
0.1247707
0.1250498
0.1250985
0.1248445
0.125123
0.1249586
0.1249663
0.1250711
0.124936
0.1250287
0.1250086
0.1249683
0.125031
0.1249837
0.1249977
0.1250133
0.1249873
0.1250067
0.1250018
0.1249958
0.1250045
0.124999
0.1249996
0.1250014
0.1249992
0.1250001
0.125
0.1249996
0.1249998
0.1249997
0.1249997
0.1249997
0.1249997
0.1249997
0.1249997
0.1249997
0.1249997
0.1249997
0.1249997
0.1249998
0.1249996
0.125
0.1250001
0.1249992
0.1250014
0.1249996
0.124999
0.1250045
0.1249958
0.1250018
0.1250067
0.1249873
0.1250133
0.1249977
0.1249837
0.125031
0.1249683
0.1250086
0.1250287
0.124936
0.1250711
0.1249663
0.1249586
0.125123
0.1248445
0.1250985
0.1250498
0.1247707
0.1253301
0.1247464
0.1249706
0.1254145
0.1243161
0.1256155
0.124906
0.1242836
0.1263769
0.1235708
0.1255077
0.126168
0.1223202
0.1282152
0.1233237
0.1232156
0.1299604
0.1179252
0.1297672
0.1276852
0.1166977
0.1403548
0.1119968
0.1195787
0.1352081
0.0919619
0.1623117
0.1467949
0.1309299
0.1942772
