0.1942768
0.1309302
0.1467949
0.1623113
0.0919626
0.1352075
0.1195788
0.1119972
0.1403539
0.1166984
0.127685
0.129767
0.117926
0.12996
0.1232157
0.1233236
0.1282149
0.1223197
0.1261684
0.1255078
0.123571
0.1263778
0.1242832
0.1249057
0.1256155
0.124315
0.1254153
0.1249705
0.1247461
0.1253312
0.12477
0.1250507
0.1250984
0.124844
0.1251229
0.1249581
0.1249655
0.1250715
0.1249363
0.1250282
0.1250098
0.1249683
0.1250321
0.1249828
0.1249987
0.1250136
0.1249842
0.1250099
0.1249989
0.1249945
0.1250075
0.1249946
0.1250013
0.1250021
0.1249965
0.1250028
0.1249991
0.1249992
0.1250016
0.1249988
0.1250003
0.1250005
0.1249993
0.1250003
0.1250003
0.1249993
0.1250005
0.1250003
0.1249988
0.1250016
0.1249992
0.1249991
0.1250028
0.1249965
0.1250021
0.1250013
0.1249946
0.1250076
0.1249945
0.1249989
0.1250099
0.1249842
0.1250136
0.1249987
0.1249828
0.1250321
0.1249683
0.1250098
0.1250282
0.1249363
0.1250715
0.1249655
0.1249581
0.1251229
0.124844
0.1250984
0.1250507
0.12477
0.1253312
0.1247461
0.1249705
0.1254153
0.124315
0.1256155
0.1249057
0.1242832
0.1263778
0.123571
0.1255078
0.1261684
0.1223197
0.1282149
0.1233236
0.1232157
0.12996
0.117926
0.129767
0.127685
0.1166984
0.1403539
0.1119972
0.1195788
0.1352075
0.0919626
0.1623113
0.1467949
0.1309302
0.1942768
