1.9085537533
0.0687035036
0.0292866582
0.0170442213
0.0110195258
0.0075340595
0.0053352202
0.0038710310
0.0028590123
0.0021404363
0.0016196941
0.0012361190
0.0009500076
0.0007343674
0.0005704411
0.0004449415
0.0003482678
0.0002734208
0.0002152166
0.0001697847
0.0001342059
0.0001062648
0.0000842666
0.0000669104
0.0000531904
0.0000423269
0.0000337125
0.0000268726
0.0000214357
0.0000171095
0.0000136641
0.0000109178
0.0000087274
0.0000069792
0.0000055831
0.0000044676
0.0000035761
0.0000028631
0.0000022928
0.0000018365
0.0000014712
0.0000011788
0.0000009446
0.0000007571
0.0000006068
0.0000004864
0.0000003900
0.0000003127
0.0000002507
0.0000002010
0.0000001612
0.0000001293
0.0000001037
0.0000000832
0.0000000667
0.0000000535
0.0000000429
0.0000000344
0.0000000276
0.0000000221
0.0000000178
0.0000000143
0.0000000114
0.0000000092
0.0000000074
0.0000000059
0.0000000047
0.0000000038
0.0000000030
0.0000000024
0.0000000020
0.0000000016
0.0000000013
0.0000000010
0.0000000008
0.0000000007
0.0000000005
0.0000000004
0.0000000003
0.0000000003
0.0000000002
0.0000000002
0.0000000001
0.0000000001
0.0000000001
0.0000000001
0.0000000001
0.0000000000
0.0000000000
0.0000000000
0.0000000000
0.0000000000
0.0000000000
0.0000000000
0.0000000000
0.0000000000
0.0000000000
0.0000000000
0.0000000000
0.0000000000
0.0000000000
0.0000000000
0.0000000000
0.0000000000
0.0000000000
0.0000000000
0.0000000000
0.0000000000
0.0000000000
0.0000000000
0.0000000000
0.0000000000
0.0000000000
0.0000000000
0.0000000000
0.0000000000
0.0000000000
0.0000000000
0.0000000000
0.0000000000
0.0000000000
0.0000000000
0.0000000000
0.0000000000
0.0000000000
0.0000000000
0.0000000000
0.0000000000
0.0000000000
0.0000000000
0.0000000000
0.0000000000
0.0000000000
0.0000000000
0.0000000000
0.0000000000
0.0000000000
0.0000000000
0.0000000000
0.0000000000
0.0000000000
0.0000000000
0.0000000000
0.0000000000
0.0000000000
0.0000000000
0.0000000000
0.0000000000
0.0000000000
0.0000000000
0.0000000000
0.0000000000
0.0000000000
0.0000000000
0.0000000000
0.0000000000
0.0000000000
0.0000000000
0.0000000000
0.0000000000
0.0000000000
0.0000000000
0.0000000000
0.0000000000
0.0000000000
0.0000000000
0.0000000000
0.0000000000
0.0000000000
0.0000000000
0.0000000000
0.0000000000
0.0000000000
0.0000000000
0.0000000000
0.0000000000
0.0000000000
0.0000000000
0.0000000000
0.0000000000
0.0000000000
0.0000000000
0.0000000000
0.0000000000
0.0000000000
0.0000000000
0.0000000000
0.0000000000
0.0000000000
0.0000000000
0.0000000000
0.0000000000
0.0000000000
0.0000000000
0.0000000000
0.0000000000
0.0000000000
0.0000000000
0.0000000000
0.0000000000
0.0000000000
0.0000000000
0.0000000000
0.0000000000
0.0000000000
0.0000000000
0.0000000000
