#m=0,S=2
-1 0.166667
-0.96875 0.175673
-0.9375 0.185373
-0.90625 0.195831
-0.875 0.20712
-0.84375 0.219319
-0.8125 0.232516
-0.78125 0.246806
-0.75 0.262295
-0.71875 0.279095
-0.6875 0.297329
-0.65625 0.317126
-0.625 0.338624
-0.59375 0.361965
-0.5625 0.387292
-0.53125 0.414743
-0.5 0.444444
-0.46875 0.476501
-0.4375 0.510978
-0.40625 0.547887
-0.375 0.587156
-0.34375 0.628607
-0.3125 0.671916
-0.28125 0.716585
-0.25 0.761905
-0.21875 0.806935
-0.1875 0.850498
-0.15625 0.89121
-0.125 0.927536
-0.09375 0.957905
-0.0625 0.980843
-0.03125 0.995141
0 1
0.03125 0.995141
0.0625 0.980843
0.09375 0.957905
0.125 0.927536
0.15625 0.89121
0.1875 0.850498
0.21875 0.806935
0.25 0.761905
0.28125 0.716585
0.3125 0.671916
0.34375 0.628607
0.375 0.587156
0.40625 0.547887
0.4375 0.510978
0.46875 0.476501
0.5 0.444444
0.53125 0.414743
0.5625 0.387292
0.59375 0.361965
0.625 0.338624
0.65625 0.317126
0.6875 0.297329
0.71875 0.279095
0.75 0.262295
0.78125 0.246806
0.8125 0.232516
0.84375 0.219319
0.875 0.20712
0.90625 0.195831
0.9375 0.185373
0.96875 0.175673
1 0.166667
1.03125 0.158293
#m=1,S=0
-0.9 0.198754
-0.899 0.198476
-0.898 0.198928
-0.897 0.199131
-0.896 0.199852
-0.895 0.201002
-0.894 0.199322
-0.893 0.200384
-0.892 0.201162
-0.891 0.201509
-0.89 0.202032
-0.889 0.201898
-0.888 0.20225
-0.887 0.202809
-0.886 0.203375
-0.885 0.203637
-0.884 0.203876
-0.883 0.204027
-0.882 0.204704
-0.881 0.204981
-0.88 0.205304
-0.879 0.205697
-0.878 0.206048
-0.877 0.206373
-0.876 0.206752
-0.875 0.20712
-0.874 0.207482
-0.873 0.207879
-0.872 0.208226
-0.871 0.208595
-0.87 0.208998
-0.869 0.209383
-0.868 0.20975
-0.867 0.210129
-0.866 0.210509
-0.865 0.210892
-0.864 0.211277
-0.863 0.21168
-0.862 0.212057
-0.861 0.212461
-0.86 0.212828
-0.859 0.213236
-0.858 0.213633
-0.857 0.214021
-0.856 0.214416
-0.855 0.214797
-0.854 0.215209
-0.853 0.215598
-0.852 0.216009
-0.851 0.216398
-0.85 0.216804
-0.849 0.217202
-0.848 0.217601
-0.847 0.218001
-0.846 0.218405
-0.845 0.218812
-0.844 0.219218
-0.843 0.219624
-0.842 0.220031
-0.841 0.220441
-0.84 0.220852
-0.839 0.221259
-0.838 0.221671
-0.837 0.222082
-0.836 0.222496
-0.835 0.222909
-0.834 0.223326
-0.833 0.223739
-0.832 0.224156
-0.831 0.224578
-0.83 0.224997
-0.829 0.225418
-0.828 0.225842
-0.827 0.226263
-0.826 0.226689
-0.825 0.227116
-0.824 0.227539
-0.823 0.227965
-0.822 0.228394
-0.821 0.228822
-0.82 0.229253
-0.819 0.229685
-0.818 0.230118
-0.817 0.230551
-0.816 0.230985
-0.815 0.231421
-0.814 0.231858
-0.813 0.232296
-0.812 0.232736
-0.811 0.233176
-0.81 0.233618
-0.809 0.23406
-0.808 0.234504
-0.807 0.234949
-0.806 0.235395
-0.805 0.235842
-0.804 0.23629
-0.803 0.236739
-0.802 0.23719
-0.801 0.237642
-0.8 0.238095
-0.799 0.238549
-0.798 0.239005
-0.797 0.239461
-0.796 0.239919
-0.795 0.240377
-0.794 0.240837
-0.793 0.241298
-0.792 0.241761
-0.791 0.242224
-0.79 0.242689
-0.789 0.243155
-0.788 0.243622
-0.787 0.24409
-0.786 0.24456
-0.785 0.24503
-0.784 0.245502
-0.783 0.245975
-0.782 0.24645
-0.781 0.246925
-0.78 0.247402
-0.779 0.24788
-0.778 0.24836
-0.777 0.24884
-0.776 0.249322
-0.775 0.249805
-0.774 0.250289
-0.773 0.250775
-0.772 0.251261
-0.771 0.251749
-0.77 0.252239
-0.769 0.252729
-0.768 0.253221
-0.767 0.253714
-0.766 0.254208
-0.765 0.254704
-0.764 0.255201
-0.763 0.255699
-0.762 0.256199
-0.761 0.2567
-0.76 0.257202
-0.759 0.257705
-0.758 0.25821
-0.757 0.258716
-0.756 0.259223
-0.755 0.259732
-0.754 0.260242
-0.753 0.260753
-0.752 0.261266
-0.751 0.26178
-0.75 0.262295
-0.749 0.262812
-0.748 0.26333
-0.747 0.263849
-0.746 0.26437
-0.745 0.264892
-0.744 0.265415
-0.743 0.26594
-0.742 0.266466
-0.741 0.266994
-0.74 0.267523
-0.739 0.268053
-0.738 0.268585
-0.737 0.269118
-0.736 0.269652
-0.735 0.270188
-0.734 0.270725
-0.733 0.271264
-0.732 0.271804
-0.731 0.272346
-0.73 0.272889
-0.729 0.273433
-0.728 0.273979
-0.727 0.274526
-0.726 0.275074
-0.725 0.275624
-0.724 0.276176
-0.723 0.276729
-0.722 0.277283
-0.721 0.277839
-0.72 0.278396
-0.719 0.278955
-0.718 0.279515
-0.717 0.280077
-0.716 0.28064
-0.715 0.281205
-0.714 0.281771
-0.713 0.282339
-0.712 0.282908
-0.711 0.283478
-0.71 0.284051
-0.709 0.284624
-0.708 0.285199
-0.707 0.285776
-0.706 0.286354
-0.705 0.286934
-0.704 0.287515
-0.703 0.288098
-0.702 0.288682
-0.701 0.289268
-0.7 0.289855
-0.699 0.290444
-0.698 0.291034
-0.697 0.291626
-0.696 0.29222
-0.695 0.292815
-0.694 0.293412
-0.693 0.29401
-0.692 0.29461
-0.691 0.295211
-0.69 0.295814
-0.689 0.296419
-0.688 0.297025
-0.687 0.297633
-0.686 0.298242
-0.685 0.298853
-0.684 0.299466
-0.683 0.30008
-0.682 0.300696
-0.681 0.301313
-0.68 0.301932
-0.679 0.302553
-0.678 0.303175
-0.677 0.303799
-0.676 0.304425
-0.675 0.305052
-0.674 0.305681
-0.673 0.306312
-0.672 0.306944
-0.671 0.307578
-0.67 0.308214
-0.669 0.308851
-0.668 0.30949
-0.667 0.310131
-0.666 0.310773
-0.665 0.311417
-0.664 0.312063
-0.663 0.312711
-0.662 0.31336
-0.661 0.314011
-0.66 0.314663
-0.659 0.315318
-0.658 0.315974
-0.657 0.316632
-0.656 0.317291
-0.655 0.317952
-0.654 0.318615
-0.653 0.31928
-0.652 0.319947
-0.651 0.320615
-0.65 0.321285
-0.649 0.321957
-0.648 0.322631
-0.647 0.323306
-0.646 0.323983
-0.645 0.324662
-0.644 0.325343
-0.643 0.326025
-0.642 0.32671
-0.641 0.327396
-0.64 0.328084
-0.639 0.328774
-0.638 0.329465
-0.637 0.330159
-0.636 0.330854
-0.635 0.331551
-0.634 0.33225
-0.633 0.332951
-0.632 0.333654
-0.631 0.334358
-0.63 0.335064
-0.629 0.335773
-0.628 0.336483
-0.627 0.337195
-0.626 0.337909
-0.625 0.338624
-0.624 0.339342
-0.623 0.340061
-0.622 0.340783
-0.621 0.341506
-0.62 0.342231
-0.619 0.342958
-0.618 0.343687
-0.617 0.344418
-0.616 0.345151
-0.615 0.345886
-0.614 0.346623
-0.613 0.347362
-0.612 0.348102
-0.611 0.348845
-0.61 0.349589
-0.609 0.350336
-0.608 0.351084
-0.607 0.351835
-0.606 0.352587
-0.605 0.353341
-0.604 0.354098
-0.603 0.354856
-0.602 0.355616
-0.601 0.356379
-0.6 0.357143
-0.599 0.357909
-0.598 0.358677
-0.597 0.359448
-0.596 0.36022
-0.595 0.360995
-0.594 0.361771
-0.593 0.362549
-0.592 0.36333
-0.591 0.364112
-0.59 0.364897
-0.589 0.365684
-0.588 0.366472
-0.587 0.367263
-0.586 0.368056
-0.585 0.368851
-0.584 0.369648
-0.583 0.370447
-0.582 0.371248
-0.581 0.372051
-0.58 0.372856
-0.579 0.373663
-0.578 0.374473
-0.577 0.375285
-0.576 0.376098
-0.575 0.376914
-0.574 0.377732
-0.573 0.378552
-0.572 0.379374
-0.571 0.380199
-0.57 0.381025
-0.569 0.381854
-0.568 0.382684
-0.567 0.383517
-0.566 0.384352
-0.565 0.385189
-0.564 0.386029
-0.563 0.38687
-0.562 0.387714
-0.561 0.38856
-0.56 0.389408
-0.559 0.390258
-0.558 0.391111
-0.557 0.391965
-0.556 0.392822
-0.555 0.393681
-0.554 0.394543
-0.553 0.395406
-0.552 0.396272
-0.551 0.39714
-0.55 0.39801
-0.549 0.398882
-0.548 0.399757
-0.547 0.400634
-0.546 0.401513
-0.545 0.402394
-0.544 0.403278
-0.543 0.404164
-0.542 0.405052
-0.541 0.405942
-0.54 0.406835
-0.539 0.40773
-0.538 0.408627
-0.537 0.409526
-0.536 0.410428
-0.535 0.411332
-0.534 0.412239
-0.533 0.413147
-0.532 0.414058
-0.531 0.414971
-0.53 0.415887
-0.529 0.416805
-0.528 0.417725
-0.527 0.418647
-0.526 0.419572
-0.525 0.420499
-0.524 0.421429
-0.523 0.422361
-0.522 0.423295
-0.521 0.424231
-0.52 0.42517
-0.519 0.426111
-0.518 0.427055
-0.517 0.428001
-0.516 0.428949
-0.515 0.4299
-0.514 0.430852
-0.513 0.431808
-0.512 0.432766
-0.511 0.433726
-0.51 0.434688
-0.509 0.435653
-0.508 0.43662
-0.507 0.43759
-0.506 0.438562
-0.505 0.439536
-0.504 0.440513
-0.503 0.441492
-0.502 0.442474
-0.501 0.443458
-0.5 0.444444
-0.499 0.445433
-0.498 0.446425
-0.497 0.447418
-0.496 0.448414
-0.495 0.449413
-0.494 0.450414
-0.493 0.451417
-0.492 0.452423
-0.491 0.453431
-0.49 0.454442
-0.489 0.455455
-0.488 0.456471
-0.487 0.457489
-0.486 0.458509
-0.485 0.459532
-0.484 0.460558
-0.483 0.461586
-0.482 0.462616
-0.481 0.463649
-0.48 0.464684
-0.479 0.465722
-0.478 0.466762
-0.477 0.467805
-0.476 0.46885
-0.475 0.469897
-0.474 0.470947
-0.473 0.472
-0.472 0.473055
-0.471 0.474112
-0.47 0.475172
-0.469 0.476235
-0.468 0.4773
-0.467 0.478367
-0.466 0.479437
-0.465 0.480509
-0.464 0.481584
-0.463 0.482662
-0.462 0.483741
-0.461 0.484824
-0.46 0.485909
-0.459 0.486996
-0.458 0.488086
-0.457 0.489178
-0.456 0.490273
-0.455 0.49137
-0.454 0.49247
-0.453 0.493572
-0.452 0.494677
-0.451 0.495785
-0.45 0.496894
-0.449 0.498007
-0.448 0.499122
-0.447 0.500239
-0.446 0.501359
-0.445 0.502481
-0.444 0.503606
-0.443 0.504733
-0.442 0.505863
-0.441 0.506995
-0.44 0.50813
-0.439 0.509267
-0.438 0.510407
-0.437 0.51155
-0.436 0.512694
-0.435 0.513842
-0.434 0.514991
-0.433 0.516144
-0.432 0.517298
-0.431 0.518456
-0.43 0.519615
-0.429 0.520778
-0.428 0.521942
-0.427 0.52311
-0.426 0.524279
-0.425 0.525452
-0.424 0.526626
-0.423 0.527803
-0.422 0.528983
-0.421 0.530165
-0.42 0.53135
-0.419 0.532537
-0.418 0.533726
-0.417 0.534918
-0.416 0.536113
-0.415 0.537309
-0.414 0.538509
-0.413 0.539711
-0.412 0.540915
-0.411 0.542121
-0.41 0.543331
-0.409 0.544542
-0.408 0.545756
-0.407 0.546973
-0.406 0.548192
-0.405 0.549413
-0.404 0.550637
-0.403 0.551863
-0.402 0.553091
-0.401 0.554322
-0.4 0.555556
-0.399 0.556791
-0.398 0.558029
-0.397 0.55927
-0.396 0.560513
-0.395 0.561758
-0.394 0.563006
-0.393 0.564256
-0.392 0.565509
-0.391 0.566763
-0.39 0.56802
-0.389 0.56928
-0.388 0.570542
-0.387 0.571806
-0.386 0.573072
-0.385 0.574341
-0.384 0.575612
-0.383 0.576886
-0.382 0.578162
-0.381 0.57944
-0.38 0.58072
-0.379 0.582003
-0.378 0.583288
-0.377 0.584575
-0.376 0.585864
-0.375 0.587156
-0.374 0.58845
-0.373 0.589746
-0.372 0.591044
-0.371 0.592345
-0.37 0.593648
-0.369 0.594953
-0.368 0.59626
-0.367 0.59757
-0.366 0.598881
-0.365 0.600195
-0.364 0.601511
-0.363 0.602829
-0.362 0.604149
-0.361 0.605472
-0.36 0.606796
-0.359 0.608123
-0.358 0.609451
-0.357 0.610782
-0.356 0.612115
-0.355 0.61345
-0.354 0.614787
-0.353 0.616126
-0.352 0.617467
-0.351 0.61881
-0.35 0.620155
-0.349 0.621502
-0.348 0.622851
-0.347 0.624202
-0.346 0.625555
-0.345 0.62691
-0.344 0.628267
-0.343 0.629626
-0.342 0.630986
-0.341 0.632349
-0.34 0.633714
-0.339 0.63508
-0.338 0.636448
-0.337 0.637818
-0.336 0.63919
-0.335 0.640564
-0.334 0.641939
-0.333 0.643316
-0.332 0.644695
-0.331 0.646076
-0.33 0.647459
-0.329 0.648843
-0.328 0.650229
-0.327 0.651616
-0.326 0.653006
-0.325 0.654397
-0.324 0.655789
-0.323 0.657184
-0.322 0.658579
-0.321 0.659977
-0.32 0.661376
-0.319 0.662776
-0.318 0.664178
-0.317 0.665582
-0.316 0.666987
-0.315 0.668393
-0.314 0.669801
-0.313 0.671211
-0.312 0.672622
-0.311 0.674034
-0.31 0.675447
-0.309 0.676862
-0.308 0.678279
-0.307 0.679696
-0.306 0.681115
-0.305 0.682536
-0.304 0.683957
-0.303 0.68538
-0.302 0.686804
-0.301 0.688229
-0.3 0.689655
-0.299 0.691083
-0.298 0.692511
-0.297 0.693941
-0.296 0.695372
-0.295 0.696803
-0.294 0.698236
-0.293 0.69967
-0.292 0.701105
-0.291 0.702541
-0.29 0.703977
-0.289 0.705415
-0.288 0.706854
-0.287 0.708293
-0.286 0.709733
-0.285 0.711174
-0.284 0.712616
-0.283 0.714059
-0.282 0.715502
-0.281 0.716946
-0.28 0.718391
-0.279 0.719836
-0.278 0.721282
-0.277 0.722729
-0.276 0.724176
-0.275 0.725624
-0.274 0.727072
-0.273 0.72852
-0.272 0.72997
-0.271 0.731419
-0.27 0.732869
-0.269 0.73432
-0.268 0.73577
-0.267 0.737221
-0.266 0.738672
-0.265 0.740124
-0.264 0.741576
-0.263 0.743028
-0.262 0.74448
-0.261 0.745932
-0.26 0.747384
-0.259 0.748836
-0.258 0.750289
-0.257 0.751741
-0.256 0.753194
-0.255 0.754646
-0.254 0.756098
-0.253 0.75755
-0.252 0.759002
-0.251 0.760453
-0.25 0.761905
-0.249 0.763356
-0.248 0.764807
-0.247 0.766257
-0.246 0.767707
-0.245 0.769157
-0.244 0.770606
-0.243 0.772055
-0.242 0.773503
-0.241 0.774951
-0.24 0.776398
-0.239 0.777844
-0.238 0.77929
-0.237 0.780735
-0.236 0.782179
-0.235 0.783622
-0.234 0.785065
-0.233 0.786507
-0.232 0.787948
-0.231 0.789387
-0.23 0.790826
-0.229 0.792264
-0.228 0.793701
-0.227 0.795137
-0.226 0.796572
-0.225 0.798005
-0.224 0.799437
-0.223 0.800868
-0.222 0.802298
-0.221 0.803726
-0.22 0.805153
-0.219 0.806578
-0.218 0.808002
-0.217 0.809425
-0.216 0.810846
-0.215 0.812265
-0.214 0.813683
-0.213 0.815099
-0.212 0.816513
-0.211 0.817926
-0.21 0.819336
-0.209 0.820745
-0.208 0.822152
-0.207 0.823557
-0.206 0.82496
-0.205 0.826361
-0.204 0.82776
-0.203 0.829156
-0.202 0.830551
-0.201 0.831943
-0.2 0.833333
-0.199 0.834721
-0.198 0.836106
-0.197 0.837489
-0.196 0.83887
-0.195 0.840248
-0.194 0.841623
-0.193 0.842996
-0.192 0.844366
-0.191 0.845734
-0.19 0.847099
-0.189 0.848461
-0.188 0.84982
-0.187 0.851176
-0.186 0.852529
-0.185 0.85388
-0.184 0.855227
-0.183 0.856571
-0.182 0.857913
-0.181 0.85925
-0.18 0.860585
-0.179 0.861917
-0.178 0.863245
-0.177 0.86457
-0.176 0.865891
-0.175 0.867209
-0.174 0.868523
-0.173 0.869834
-0.172 0.871141
-0.171 0.872444
-0.17 0.873744
-0.169 0.87504
-0.168 0.876332
-0.167 0.87762
-0.166 0.878905
-0.165 0.880185
-0.164 0.881461
-0.163 0.882733
-0.162 0.884001
-0.161 0.885265
-0.16 0.886525
-0.159 0.88778
-0.158 0.889031
-0.157 0.890278
-0.156 0.89152
-0.155 0.892758
-0.154 0.893991
-0.153 0.895219
-0.152 0.896443
-0.151 0.897662
-0.15 0.898876
-0.149 0.900086
-0.148 0.901291
-0.147 0.90249
-0.146 0.903685
-0.145 0.904875
-0.144 0.90606
-0.143 0.907239
-0.142 0.908414
-0.141 0.909583
-0.14 0.910747
-0.139 0.911905
-0.138 0.913059
-0.137 0.914206
-0.136 0.915349
-0.135 0.916485
-0.134 0.917616
-0.133 0.918742
-0.132 0.919862
-0.131 0.920976
-0.13 0.922084
-0.129 0.923186
-0.128 0.924283
-0.127 0.925373
-0.126 0.926458
-0.125 0.927536
-0.124 0.928609
-0.123 0.929675
-0.122 0.930735
-0.121 0.931788
-0.12 0.932836
-0.119 0.933877
-0.118 0.934911
-0.117 0.93594
-0.116 0.936961
-0.115 0.937976
-0.114 0.938985
-0.113 0.939987
-0.112 0.940982
-0.111 0.94197
-0.11 0.942951
-0.109 0.943926
-0.108 0.944894
-0.107 0.945855
-0.106 0.946808
-0.105 0.947755
-0.104 0.948695
-0.103 0.949627
-0.102 0.950552
-0.101 0.95147
-0.1 0.952381
-0.099 0.953284
-0.098 0.95418
-0.097 0.955069
-0.096 0.95595
-0.095 0.956823
-0.094 0.957689
-0.093 0.958548
-0.092 0.959398
-0.091 0.960241
-0.09 0.961076
-0.089 0.961904
-0.088 0.962723
-0.087 0.963535
-0.086 0.964339
-0.085 0.965135
-0.084 0.965922
-0.083 0.966702
-0.082 0.967474
-0.081 0.968237
-0.08 0.968992
-0.079 0.969739
-0.078 0.970478
-0.077 0.971209
-0.076 0.971931
-0.075 0.972644
-0.074 0.97335
-0.073 0.974047
-0.072 0.974735
-0.071 0.975415
-0.07 0.976086
-0.069 0.976749
-0.068 0.977402
-0.067 0.978048
-0.066 0.978684
-0.065 0.979312
-0.064 0.979931
-0.063 0.980541
-0.062 0.981142
-0.061 0.981735
-0.06 0.982318
-0.059 0.982893
-0.058 0.983458
-0.057 0.984015
-0.056 0.984562
-0.055 0.9851
-0.054 0.98563
-0.053 0.98615
-0.052 0.98666
-0.051 0.987162
-0.05 0.987654
-0.049 0.988137
-0.048 0.988611
-0.047 0.989076
-0.046 0.989531
-0.045 0.989976
-0.044 0.990413
-0.043 0.99084
-0.042 0.991257
-0.041 0.991665
-0.04 0.992063
-0.039 0.992452
-0.038 0.992832
-0.037 0.993202
-0.036 0.993562
-0.035 0.993912
-0.034 0.994253
-0.033 0.994584
-0.032 0.994906
-0.031 0.995218
-0.03 0.99552
-0.029 0.995813
-0.028 0.996095
-0.027 0.996368
-0.026 0.996631
-0.025 0.996885
-0.024 0.997128
-0.023 0.997362
-0.022 0.997586
-0.021 0.9978
-0.02 0.998004
-0.019 0.998198
-0.018 0.998383
-0.017 0.998557
-0.016 0.998722
-0.015 0.998876
-0.014 0.999021
-0.013 0.999156
-0.012 0.999281
-0.011 0.999395
-0.01 0.9995
-0.009 0.999595
-0.008 0.99968
-0.007 0.999755
-0.006 0.99982
-0.005 0.999875
-0.004 0.99992
-0.003 0.999955
-0.002 0.99998
-0.001 0.999995
7.70217e-16 1
0.001 0.999995
0.002 0.99998
0.003 0.999955
0.004 0.99992
0.005 0.999875
0.006 0.99982
0.007 0.999755
0.008 0.99968
0.009 0.999595
0.01 0.9995
0.011 0.999395
0.012 0.999281
0.013 0.999156
0.014 0.999021
0.015 0.998876
0.016 0.998722
0.017 0.998557
0.018 0.998383
0.019 0.998198
0.02 0.998004
0.021 0.9978
0.022 0.997586
0.023 0.997362
0.024 0.997128
0.025 0.996885
0.026 0.996631
0.027 0.996368
0.028 0.996095
0.029 0.995813
0.03 0.99552
0.031 0.995218
0.032 0.994906
0.033 0.994584
0.034 0.994253
0.035 0.993912
0.036 0.993562
0.037 0.993202
0.038 0.992832
0.039 0.992452
0.04 0.992063
0.041 0.991665
0.042 0.991257
0.043 0.99084
0.044 0.990413
0.045 0.989976
0.046 0.989531
0.047 0.989076
0.048 0.988611
0.049 0.988137
0.05 0.987654
0.051 0.987162
0.052 0.98666
0.053 0.98615
0.054 0.98563
0.055 0.9851
0.056 0.984562
0.057 0.984015
0.058 0.983458
0.059 0.982893
0.06 0.982318
0.061 0.981735
0.062 0.981142
0.063 0.980541
0.064 0.979931
0.065 0.979312
0.066 0.978684
0.067 0.978048
0.068 0.977402
0.069 0.976749
0.07 0.976086
0.071 0.975415
0.072 0.974735
0.073 0.974047
0.074 0.97335
0.075 0.972644
0.076 0.971931
0.077 0.971209
0.078 0.970478
0.079 0.969739
0.08 0.968992
0.081 0.968237
0.082 0.967474
0.083 0.966702
0.084 0.965922
0.085 0.965135
0.086 0.964339
0.087 0.963535
0.088 0.962723
0.089 0.961904
0.09 0.961076
0.091 0.960241
0.092 0.959398
0.093 0.958548
0.094 0.957689
0.095 0.956823
0.096 0.95595
0.097 0.955069
0.098 0.95418
0.099 0.953284
0.1 0.952381
0.101 0.95147
0.102 0.950552
0.103 0.949627
0.104 0.948695
0.105 0.947755
0.106 0.946808
0.107 0.945855
0.108 0.944894
0.109 0.943926
0.11 0.942951
0.111 0.94197
0.112 0.940982
0.113 0.939987
0.114 0.938985
0.115 0.937976
0.116 0.936961
0.117 0.93594
0.118 0.934911
0.119 0.933877
0.12 0.932836
0.121 0.931788
0.122 0.930735
0.123 0.929675
0.124 0.928609
0.125 0.927536
0.126 0.926458
0.127 0.925373
0.128 0.924283
0.129 0.923186
0.13 0.922084
0.131 0.920976
0.132 0.919862
0.133 0.918742
0.134 0.917616
0.135 0.916485
0.136 0.915349
0.137 0.914206
0.138 0.913059
0.139 0.911905
0.14 0.910747
0.141 0.909583
0.142 0.908414
0.143 0.907239
0.144 0.90606
0.145 0.904875
0.146 0.903685
0.147 0.90249
0.148 0.901291
0.149 0.900086
0.15 0.898876
0.151 0.897662
0.152 0.896443
0.153 0.895219
0.154 0.893991
0.155 0.892758
0.156 0.89152
0.157 0.890278
0.158 0.889031
0.159 0.88778
0.16 0.886525
0.161 0.885265
0.162 0.884001
0.163 0.882733
0.164 0.881461
0.165 0.880185
0.166 0.878905
0.167 0.87762
0.168 0.876332
0.169 0.87504
0.17 0.873744
0.171 0.872444
0.172 0.871141
0.173 0.869834
0.174 0.868523
0.175 0.867209
0.176 0.865891
0.177 0.86457
0.178 0.863245
0.179 0.861917
0.18 0.860585
0.181 0.85925
0.182 0.857913
0.183 0.856571
0.184 0.855227
0.185 0.85388
0.186 0.852529
0.187 0.851176
0.188 0.84982
0.189 0.848461
0.19 0.847099
0.191 0.845734
0.192 0.844366
0.193 0.842996
0.194 0.841623
0.195 0.840248
0.196 0.83887
0.197 0.837489
0.198 0.836106
0.199 0.834721
0.2 0.833333
0.201 0.831943
0.202 0.830551
0.203 0.829156
0.204 0.82776
0.205 0.826361
0.206 0.82496
0.207 0.823557
0.208 0.822152
0.209 0.820745
0.21 0.819336
0.211 0.817926
0.212 0.816513
0.213 0.815099
0.214 0.813683
0.215 0.812265
0.216 0.810846
0.217 0.809425
0.218 0.808002
0.219 0.806578
0.22 0.805153
0.221 0.803726
0.222 0.802298
0.223 0.800868
0.224 0.799437
0.225 0.798005
0.226 0.796572
0.227 0.795137
0.228 0.793701
0.229 0.792264
0.23 0.790826
0.231 0.789387
0.232 0.787948
0.233 0.786507
0.234 0.785065
0.235 0.783622
0.236 0.782179
0.237 0.780735
0.238 0.77929
0.239 0.777844
0.24 0.776398
0.241 0.774951
0.242 0.773503
0.243 0.772055
0.244 0.770606
0.245 0.769157
0.246 0.767707
0.247 0.766257
0.248 0.764807
0.249 0.763356
0.25 0.761905
0.251 0.760453
0.252 0.759002
0.253 0.75755
0.254 0.756098
0.255 0.754646
0.256 0.753194
0.257 0.751741
0.258 0.750289
0.259 0.748836
0.26 0.747384
0.261 0.745932
0.262 0.74448
0.263 0.743028
0.264 0.741576
0.265 0.740124
0.266 0.738672
0.267 0.737221
0.268 0.73577
0.269 0.73432
0.27 0.732869
0.271 0.731419
0.272 0.72997
0.273 0.72852
0.274 0.727072
0.275 0.725624
0.276 0.724176
0.277 0.722729
0.278 0.721282
0.279 0.719836
0.28 0.718391
0.281 0.716946
0.282 0.715502
0.283 0.714059
0.284 0.712616
0.285 0.711174
0.286 0.709733
0.287 0.708293
0.288 0.706854
0.289 0.705415
0.29 0.703977
0.291 0.702541
0.292 0.701105
0.293 0.69967
0.294 0.698236
0.295 0.696803
0.296 0.695372
0.297 0.693941
0.298 0.692511
0.299 0.691083
0.3 0.689655
0.301 0.688229
0.302 0.686804
0.303 0.68538
0.304 0.683957
0.305 0.682536
0.306 0.681115
0.307 0.679696
0.308 0.678279
0.309 0.676862
0.31 0.675447
0.311 0.674034
0.312 0.672622
0.313 0.671211
0.314 0.669801
0.315 0.668393
0.316 0.666987
0.317 0.665582
0.318 0.664178
0.319 0.662776
0.32 0.661376
0.321 0.659977
0.322 0.658579
0.323 0.657184
0.324 0.655789
0.325 0.654397
0.326 0.653006
0.327 0.651616
0.328 0.650229
0.329 0.648843
0.33 0.647459
0.331 0.646076
0.332 0.644695
0.333 0.643316
0.334 0.641939
0.335 0.640564
0.336 0.63919
0.337 0.637818
0.338 0.636448
0.339 0.63508
0.34 0.633714
0.341 0.632349
0.342 0.630986
0.343 0.629626
0.344 0.628267
0.345 0.62691
0.346 0.625555
0.347 0.624202
0.348 0.622851
0.349 0.621502
0.35 0.620155
0.351 0.61881
0.352 0.617467
0.353 0.616126
0.354 0.614787
0.355 0.61345
0.356 0.612115
0.357 0.610782
0.358 0.609451
0.359 0.608123
0.36 0.606796
0.361 0.605472
0.362 0.604149
0.363 0.602829
0.364 0.601511
0.365 0.600195
0.366 0.598881
0.367 0.59757
0.368 0.59626
0.369 0.594953
0.37 0.593648
0.371 0.592345
0.372 0.591044
0.373 0.589746
0.374 0.58845
0.375 0.587156
0.376 0.585864
0.377 0.584575
0.378 0.583288
0.379 0.582003
0.38 0.58072
0.381 0.57944
0.382 0.578162
0.383 0.576886
0.384 0.575612
0.385 0.574341
0.386 0.573072
0.387 0.571806
0.388 0.570542
0.389 0.56928
0.39 0.56802
0.391 0.566763
0.392 0.565509
0.393 0.564256
0.394 0.563006
0.395 0.561758
0.396 0.560513
0.397 0.55927
0.398 0.558029
0.399 0.556791
0.4 0.555556
0.401 0.554322
0.402 0.553091
0.403 0.551863
0.404 0.550637
0.405 0.549413
0.406 0.548192
0.407 0.546973
0.408 0.545756
0.409 0.544542
0.41 0.543331
0.411 0.542121
0.412 0.540915
0.413 0.539711
0.414 0.538509
0.415 0.537309
0.416 0.536113
0.417 0.534918
0.418 0.533726
0.419 0.532537
0.42 0.53135
0.421 0.530165
0.422 0.528983
0.423 0.527803
0.424 0.526626
0.425 0.525452
0.426 0.524279
0.427 0.52311
0.428 0.521942
0.429 0.520778
0.43 0.519615
0.431 0.518456
0.432 0.517298
0.433 0.516144
0.434 0.514991
0.435 0.513842
0.436 0.512694
0.437 0.51155
0.438 0.510407
0.439 0.509267
0.44 0.50813
0.441 0.506995
0.442 0.505863
0.443 0.504733
0.444 0.503606
0.445 0.502481
0.446 0.501359
0.447 0.500239
0.448 0.499122
0.449 0.498007
0.45 0.496894
0.451 0.495785
0.452 0.494677
0.453 0.493572
0.454 0.49247
0.455 0.49137
0.456 0.490273
0.457 0.489178
0.458 0.488086
0.459 0.486996
0.46 0.485909
0.461 0.484824
0.462 0.483741
0.463 0.482662
0.464 0.481584
0.465 0.480509
0.466 0.479437
0.467 0.478367
0.468 0.4773
0.469 0.476235
0.47 0.475172
0.471 0.474112
0.472 0.473055
0.473 0.472
0.474 0.470947
0.475 0.469897
0.476 0.46885
0.477 0.467805
0.478 0.466762
0.479 0.465722
0.48 0.464684
0.481 0.463649
0.482 0.462616
0.483 0.461586
0.484 0.460558
0.485 0.459532
0.486 0.458509
0.487 0.457489
0.488 0.456471
0.489 0.455455
0.49 0.454442
0.491 0.453431
0.492 0.452423
0.493 0.451417
0.494 0.450414
0.495 0.449413
0.496 0.448414
0.497 0.447418
0.498 0.446425
0.499 0.445433
0.5 0.444444
0.501 0.443458
0.502 0.442474
0.503 0.441492
0.504 0.440513
0.505 0.439536
0.506 0.438562
0.507 0.43759
0.508 0.43662
0.509 0.435653
0.51 0.434688
0.511 0.433726
0.512 0.432766
0.513 0.431808
0.514 0.430852
0.515 0.4299
0.516 0.428949
0.517 0.428001
0.518 0.427055
0.519 0.426111
0.52 0.42517
0.521 0.424231
0.522 0.423295
0.523 0.422361
0.524 0.421429
0.525 0.420499
0.526 0.419572
0.527 0.418647
0.528 0.417725
0.529 0.416805
0.53 0.415887
0.531 0.414971
0.532 0.414058
0.533 0.413147
0.534 0.412239
0.535 0.411332
0.536 0.410428
0.537 0.409526
0.538 0.408627
0.539 0.40773
0.54 0.406835
0.541 0.405942
0.542 0.405052
0.543 0.404164
0.544 0.403278
0.545 0.402394
0.546 0.401513
0.547 0.400634
0.548 0.399757
0.549 0.398882
0.55 0.39801
0.551 0.39714
0.552 0.396272
0.553 0.395406
0.554 0.394543
0.555 0.393681
0.556 0.392822
0.557 0.391965
0.558 0.391111
0.559 0.390258
0.56 0.389408
0.561 0.38856
0.562 0.387714
0.563 0.38687
0.564 0.386029
0.565 0.385189
0.566 0.384352
0.567 0.383517
0.568 0.382684
0.569 0.381854
0.57 0.381025
0.571 0.380199
0.572 0.379374
0.573 0.378552
0.574 0.377732
0.575 0.376914
0.576 0.376098
0.577 0.375285
0.578 0.374473
0.579 0.373663
0.58 0.372856
0.581 0.372051
0.582 0.371248
0.583 0.370447
0.584 0.369648
0.585 0.368851
0.586 0.368056
0.587 0.367263
0.588 0.366472
0.589 0.365684
0.59 0.364897
0.591 0.364112
0.592 0.36333
0.593 0.362549
0.594 0.361771
0.595 0.360995
0.596 0.36022
0.597 0.359448
0.598 0.358677
0.599 0.357909
0.6 0.357143
0.601 0.356379
0.602 0.355616
0.603 0.354856
0.604 0.354098
0.605 0.353341
0.606 0.352587
0.607 0.351835
0.608 0.351084
0.609 0.350336
0.61 0.349589
0.611 0.348845
0.612 0.348102
0.613 0.347362
0.614 0.346623
0.615 0.345886
0.616 0.345151
0.617 0.344418
0.618 0.343687
0.619 0.342958
0.62 0.342231
0.621 0.341506
0.622 0.340783
0.623 0.340061
0.624 0.339342
0.625 0.338624
0.626 0.337909
0.627 0.337195
0.628 0.336483
0.629 0.335773
0.63 0.335064
0.631 0.334358
0.632 0.333654
0.633 0.332951
0.634 0.33225
0.635 0.331551
0.636 0.330854
0.637 0.330159
0.638 0.329465
0.639 0.328774
0.64 0.328084
0.641 0.327396
0.642 0.32671
0.643 0.326025
0.644 0.325343
0.645 0.324662
0.646 0.323983
0.647 0.323306
0.648 0.322631
0.649 0.321957
0.65 0.321285
0.651 0.320615
0.652 0.319947
0.653 0.31928
0.654 0.318615
0.655 0.317952
0.656 0.317291
0.657 0.316632
0.658 0.315974
0.659 0.315318
0.66 0.314663
0.661 0.314011
0.662 0.31336
0.663 0.312711
0.664 0.312063
0.665 0.311417
0.666 0.310773
0.667 0.310131
0.668 0.30949
0.669 0.308851
0.67 0.308214
0.671 0.307578
0.672 0.306944
0.673 0.306312
0.674 0.305681
0.675 0.305052
0.676 0.304425
0.677 0.303799
0.678 0.303175
0.679 0.302553
0.68 0.301932
0.681 0.301313
0.682 0.300696
0.683 0.30008
0.684 0.299466
0.685 0.298853
0.686 0.298242
0.687 0.297633
0.688 0.297025
0.689 0.296419
0.69 0.295814
0.691 0.295211
0.692 0.29461
0.693 0.29401
0.694 0.293412
0.695 0.292815
0.696 0.29222
0.697 0.291626
0.698 0.291034
0.699 0.290444
0.7 0.289855
0.701 0.289268
0.702 0.288682
0.703 0.288098
0.704 0.287515
0.705 0.286934
0.706 0.286354
0.707 0.285776
0.708 0.285199
0.709 0.284624
0.71 0.284051
0.711 0.283478
0.712 0.282908
0.713 0.282339
0.714 0.281771
0.715 0.281205
0.716 0.28064
0.717 0.280077
0.718 0.279515
0.719 0.278955
0.72 0.278396
0.721 0.277839
0.722 0.277283
0.723 0.276729
0.724 0.276176
0.725 0.275624
0.726 0.275074
0.727 0.274526
0.728 0.273979
0.729 0.273433
0.73 0.272889
0.731 0.272346
0.732 0.271804
0.733 0.271264
0.734 0.270725
0.735 0.270188
0.736 0.269652
0.737 0.269118
0.738 0.268585
0.739 0.268053
0.74 0.267523
0.741 0.266994
0.742 0.266466
0.743 0.26594
0.744 0.265415
0.745 0.264892
0.746 0.26437
0.747 0.263849
0.748 0.26333
0.749 0.262812
0.75 0.262295
0.751 0.26178
0.752 0.261266
0.753 0.260753
0.754 0.260242
0.755 0.259732
0.756 0.259223
0.757 0.258716
0.758 0.25821
0.759 0.257705
0.76 0.257202
0.761 0.2567
0.762 0.256199
0.763 0.255699
0.764 0.255201
0.765 0.254704
0.766 0.254208
0.767 0.253714
0.768 0.253221
0.769 0.252729
0.77 0.252239
0.771 0.251749
0.772 0.251261
0.773 0.250775
0.774 0.250289
0.775 0.249805
0.776 0.249322
0.777 0.24884
0.778 0.24836
0.779 0.24788
0.78 0.247402
0.781 0.246925
0.782 0.24645
0.783 0.245976
0.784 0.245502
0.785 0.24503
0.786 0.24456
0.787 0.24409
0.788 0.243622
0.789 0.243155
0.79 0.242689
0.791 0.242224
0.792 0.241761
0.793 0.241298
0.794 0.240837
0.795 0.240377
0.796 0.239919
0.797 0.239461
0.798 0.239005
0.799 0.238549
0.8 0.238095
0.801 0.237642
0.802 0.23719
0.803 0.23674
0.804 0.23629
0.805 0.235842
0.806 0.235395
0.807 0.234949
0.808 0.234504
0.809 0.23406
0.81 0.233618
0.811 0.233176
0.812 0.232736
0.813 0.232296
0.814 0.231858
0.815 0.231421
0.816 0.230985
0.817 0.23055
0.818 0.230117
0.819 0.229684
0.82 0.229253
0.821 0.228822
0.822 0.228393
0.823 0.227965
0.824 0.227537
0.825 0.227112
0.826 0.226687
0.827 0.226263
0.828 0.22584
0.829 0.225418
0.83 0.224997
0.831 0.224577
0.832 0.224159
0.833 0.223741
0.834 0.223325
0.835 0.22291
0.836 0.222496
0.837 0.222082
0.838 0.221669
0.839 0.221258
0.84 0.220848
0.841 0.220439
0.842 0.220031
0.843 0.219624
0.844 0.219217
0.845 0.218812
0.846 0.218408
0.847 0.218005
0.848 0.217603
0.849 0.217201
0.85 0.216801
0.851 0.216401
0.852 0.216004
0.853 0.215609
0.854 0.215211
0.855 0.214815
0.856 0.21442
0.857 0.214032
0.858 0.213633
0.859 0.213244
0.86 0.212858
0.861 0.21247
0.862 0.212078
0.863 0.211689
0.864 0.2113
0.865 0.210916
0.866 0.210538
0.867 0.210151
0.868 0.209774
0.869 0.20939
0.87 0.209008
0.871 0.208632
0.872 0.208249
0.873 0.207873
0.874 0.207495
0.875 0.20712
0.876 0.206745
0.877 0.20637
0.878 0.205999
0.879 0.205627
0.88 0.20525
0.881 0.204889
0.882 0.204505
0.883 0.20415
0.884 0.203786
0.885 0.203396
0.886 0.203066
0.887 0.202671
0.888 0.202317
0.889 0.201972
0.89 0.201596
0.891 0.201209
0.892 0.200948
0.893 0.200519
0.894 0.200159
0.895 0.199824
0.896 0.199432
0.897 0.199053
0.898 0.198734
0.899 0.198419
0.9 0.198006
0.901 0.197706
0.902 0.197334
0.903 0.197022
0.904 0.196598
0.905 0.196272
0.906 0.195916
0.907 0.195554
0.908 0.195191
0.909 0.194782
0.91 0.194526
0.911 0.194153
0.912 0.193774
0.913 0.193438
0.914 0.193242
0.915 0.192933
0.916 0.192239
0.917 0.192154
0.918 0.192061
0.919 0.191561
0.92 0.190935
0.921 0.190596
0.922 0.18983
0.923 0.190246
0.924 0.189482
0.925 0.188594
0.926 0.188531
0.927 0.188738
0.928 0.187809
0.929 0.187413
0.93 0.187589
0.931 0.187112
0.932 0.185965
0.933 0.185714
0.934 0.186356
0.935 0.185878
0.936 0.185778
0.937 0.185559
0.938 0.185393
0.939 0.185041
0.94 0.18496
0.941 0.184305
0.942 0.184775
0.943 0.184306
0.944 0.183921
0.945 0.183427
0.946 0.183006
0.947 0.184569
0.948 0.186032
0.949 0.186764
0.95 0.188364
0.951 0.183189
0.952 0.18915
0.953 0.175063
0.954 0.187438
0.955 0.174581
0.956 0.189087
0.957 0.175442
0.958 0.187531
0.959 0.179149
0.96 0.184134
0.961 0.177054
0.962 0.181093
0.963 0.188884
0.964 0.177494
0.965 0.178608
0.966 0.179925
0.967 0.179987
0.968 0.173508
0.969 0.174948
0.97 0.1746
0.971 0.179672
0.972 0.161295
0.973 0.15403
0.974 0.163193
0.975 0.127272
0.976 0.144885
0.977 0.193733
0.978 0.0344049
0.979 0.211877
0.98 0.167712
0.981 0.218834
0.982 -0.101849
0.983 0.148045
0.984 -0.00600377
0.985 0.176885
0.986 0.0679386
0.987 0.408549
0.988 -0.0433855
0.989 0.261326
0.99 0.139697
0.991 -0.191151
0.992 -0.0821895
0.993 -0.00980139
0.994 0.261935
0.995 -0.087537
0.996 0.104616
0.997 0.121121
0.998 0.117657
0.999 0.146609
