#m=0,S=2
-1 0.166667
-0.96875 0.175673
-0.9375 0.185373
-0.90625 0.195831
-0.875 0.20712
-0.84375 0.219319
-0.8125 0.232516
-0.78125 0.246806
-0.75 0.262295
-0.71875 0.279095
-0.6875 0.297329
-0.65625 0.317126
-0.625 0.338624
-0.59375 0.361965
-0.5625 0.387292
-0.53125 0.414743
-0.5 0.444444
-0.46875 0.476501
-0.4375 0.510978
-0.40625 0.547887
-0.375 0.587156
-0.34375 0.628607
-0.3125 0.671916
-0.28125 0.716585
-0.25 0.761905
-0.21875 0.806935
-0.1875 0.850498
-0.15625 0.89121
-0.125 0.927536
-0.09375 0.957905
-0.0625 0.980843
-0.03125 0.995141
0 1
0.03125 0.995141
0.0625 0.980843
0.09375 0.957905
0.125 0.927536
0.15625 0.89121
0.1875 0.850498
0.21875 0.806935
0.25 0.761905
0.28125 0.716585
0.3125 0.671916
0.34375 0.628607
0.375 0.587156
0.40625 0.547887
0.4375 0.510978
0.46875 0.476501
0.5 0.444444
0.53125 0.414743
0.5625 0.387292
0.59375 0.361965
0.625 0.338624
0.65625 0.317126
0.6875 0.297329
0.71875 0.279095
0.75 0.262295
0.78125 0.246806
0.8125 0.232516
0.84375 0.219319
0.875 0.20712
0.90625 0.195831
0.9375 0.185373
0.96875 0.175673
1 0.166667
#m=1,S=0
-2 -0.324753
-1.999 -0.323419
-1.998 -0.322089
-1.997 -0.320761
-1.996 -0.319437
-1.995 -0.318115
-1.994 -0.316797
-1.993 -0.315482
-1.992 -0.31417
-1.991 -0.312861
-1.99 -0.311555
-1.989 -0.310252
-1.988 -0.308952
-1.987 -0.307655
-1.986 -0.306361
-1.985 -0.30507
-1.984 -0.303782
-1.983 -0.302497
-1.982 -0.301215
-1.981 -0.299937
-1.98 -0.298661
-1.979 -0.297388
-1.978 -0.296118
-1.977 -0.294851
-1.976 -0.293587
-1.975 -0.292326
-1.974 -0.291068
-1.973 -0.289814
-1.972 -0.288562
-1.971 -0.287313
-1.97 -0.286066
-1.969 -0.284823
-1.968 -0.283583
-1.967 -0.282346
-1.966 -0.281112
-1.965 -0.27988
-1.964 -0.278652
-1.963 -0.277426
-1.962 -0.276204
-1.961 -0.274984
-1.96 -0.273767
-1.959 -0.272554
-1.958 -0.271343
-1.957 -0.270135
-1.956 -0.268929
-1.955 -0.267727
-1.954 -0.266528
-1.953 -0.265331
-1.952 -0.264138
-1.951 -0.262947
-1.95 -0.261759
-1.949 -0.260574
-1.948 -0.259392
-1.947 -0.258212
-1.946 -0.257036
-1.945 -0.255862
-1.944 -0.254692
-1.943 -0.253524
-1.942 -0.252359
-1.941 -0.251196
-1.94 -0.250037
-1.939 -0.24888
-1.938 -0.247726
-1.937 -0.246575
-1.936 -0.245427
-1.935 -0.244281
-1.934 -0.243139
-1.933 -0.241999
-1.932 -0.240862
-1.931 -0.239728
-1.93 -0.238596
-1.929 -0.237467
-1.928 -0.236341
-1.927 -0.235218
-1.926 -0.234098
-1.925 -0.23298
-1.924 -0.231865
-1.923 -0.230753
-1.922 -0.229643
-1.921 -0.228536
-1.92 -0.227432
-1.919 -0.226331
-1.918 -0.225233
-1.917 -0.224137
-1.916 -0.223044
-1.915 -0.221953
-1.914 -0.220865
-1.913 -0.21978
-1.912 -0.218698
-1.911 -0.217618
-1.91 -0.216542
-1.909 -0.215467
-1.908 -0.214396
-1.907 -0.213327
-1.906 -0.21226
-1.905 -0.211197
-1.904 -0.210136
-1.903 -0.209078
-1.902 -0.208022
-1.901 -0.206969
-1.9 -0.205919
-1.899 -0.204871
-1.898 -0.203826
-1.897 -0.202784
-1.896 -0.201744
-1.895 -0.200707
-1.894 -0.199672
-1.893 -0.19864
-1.892 -0.197611
-1.891 -0.196584
-1.89 -0.19556
-1.889 -0.194538
-1.888 -0.193519
-1.887 -0.192503
-1.886 -0.191489
-1.885 -0.190478
-1.884 -0.189469
-1.883 -0.188463
-1.882 -0.18746
-1.881 -0.186459
-1.88 -0.18546
-1.879 -0.184464
-1.878 -0.183471
-1.877 -0.18248
-1.876 -0.181492
-1.875 -0.180506
-1.874 -0.179523
-1.873 -0.178542
-1.872 -0.177564
-1.871 -0.176589
-1.87 -0.175616
-1.869 -0.174645
-1.868 -0.173677
-1.867 -0.172711
-1.866 -0.171748
-1.865 -0.170787
-1.864 -0.169829
-1.863 -0.168874
-1.862 -0.16792
-1.861 -0.16697
-1.86 -0.166021
-1.859 -0.165076
-1.858 -0.164132
-1.857 -0.163191
-1.856 -0.162253
-1.855 -0.161317
-1.854 -0.160383
-1.853 -0.159452
-1.852 -0.158524
-1.851 -0.157597
-1.85 -0.156674
-1.849 -0.155752
-1.848 -0.154833
-1.847 -0.153916
-1.846 -0.153002
-1.845 -0.15209
-1.844 -0.151181
-1.843 -0.150274
-1.842 -0.149369
-1.841 -0.148467
-1.84 -0.147567
-1.839 -0.14667
-1.838 -0.145775
-1.837 -0.144882
-1.836 -0.143992
-1.835 -0.143104
-1.834 -0.142218
-1.833 -0.141335
-1.832 -0.140454
-1.831 -0.139575
-1.83 -0.138699
-1.829 -0.137825
-1.828 -0.136953
-1.827 -0.136084
-1.826 -0.135217
-1.825 -0.134352
-1.824 -0.13349
-1.823 -0.13263
-1.822 -0.131772
-1.821 -0.130916
-1.82 -0.130063
-1.819 -0.129212
-1.818 -0.128364
-1.817 -0.127517
-1.816 -0.126673
-1.815 -0.125831
-1.814 -0.124992
-1.813 -0.124155
-1.812 -0.12332
-1.811 -0.122487
-1.81 -0.121656
-1.809 -0.120828
-1.808 -0.120002
-1.807 -0.119178
-1.806 -0.118357
-1.805 -0.117538
-1.804 -0.11672
-1.803 -0.115906
-1.802 -0.115093
-1.801 -0.114282
-1.8 -0.113474
-1.799 -0.112668
-1.798 -0.111864
-1.797 -0.111063
-1.796 -0.110263
-1.795 -0.109466
-1.794 -0.108671
-1.793 -0.107878
-1.792 -0.107087
-1.791 -0.106299
-1.79 -0.105512
-1.789 -0.104728
-1.788 -0.103946
-1.787 -0.103166
-1.786 -0.102388
-1.785 -0.101613
-1.784 -0.100839
-1.783 -0.100068
-1.782 -0.0992984
-1.781 -0.0985312
-1.78 -0.0977662
-1.779 -0.0970033
-1.778 -0.0962426
-1.777 -0.0954839
-1.776 -0.0947273
-1.775 -0.0939729
-1.774 -0.0932205
-1.773 -0.0924702
-1.772 -0.091722
-1.771 -0.0909759
-1.77 -0.0902319
-1.769 -0.0894899
-1.768 -0.08875
-1.767 -0.0880122
-1.766 -0.0872765
-1.765 -0.0865428
-1.764 -0.0858111
-1.763 -0.0850815
-1.762 -0.084354
-1.761 -0.0836285
-1.76 -0.082905
-1.759 -0.0821835
-1.758 -0.0814641
-1.757 -0.0807467
-1.756 -0.0800314
-1.755 -0.079318
-1.754 -0.0786067
-1.753 -0.0778973
-1.752 -0.07719
-1.751 -0.0764847
-1.75 -0.0757813
-1.749 -0.07508
-1.748 -0.0743806
-1.747 -0.0736832
-1.746 -0.0729878
-1.745 -0.0722944
-1.744 -0.0716029
-1.743 -0.0709134
-1.742 -0.0702259
-1.741 -0.0695403
-1.74 -0.0688567
-1.739 -0.068175
-1.738 -0.0674952
-1.737 -0.0668175
-1.736 -0.0661416
-1.735 -0.0654677
-1.734 -0.0647957
-1.733 -0.0641256
-1.732 -0.0634574
-1.731 -0.0627912
-1.73 -0.0621268
-1.729 -0.0614644
-1.728 -0.0608039
-1.727 -0.0601452
-1.726 -0.0594885
-1.725 -0.0588336
-1.724 -0.0581807
-1.723 -0.0575296
-1.722 -0.0568804
-1.721 -0.0562331
-1.72 -0.0555876
-1.719 -0.054944
-1.718 -0.0543023
-1.717 -0.0536624
-1.716 -0.0530243
-1.715 -0.0523882
-1.714 -0.0517538
-1.713 -0.0511213
-1.712 -0.0504907
-1.711 -0.0498618
-1.71 -0.0492348
-1.709 -0.0486096
-1.708 -0.0479863
-1.707 -0.0473647
-1.706 -0.046745
-1.705 -0.0461271
-1.704 -0.0455109
-1.703 -0.0448966
-1.702 -0.0442841
-1.701 -0.0436733
-1.7 -0.0430644
-1.699 -0.0424572
-1.698 -0.0418518
-1.697 -0.0412481
-1.696 -0.0406463
-1.695 -0.0400462
-1.694 -0.0394479
-1.693 -0.0388513
-1.692 -0.0382564
-1.691 -0.0376634
-1.69 -0.037072
-1.689 -0.0364824
-1.688 -0.0358946
-1.687 -0.0353085
-1.686 -0.0347241
-1.685 -0.0341414
-1.684 -0.0335604
-1.683 -0.0329812
-1.682 -0.0324037
-1.681 -0.0318279
-1.68 -0.0312537
-1.679 -0.0306813
-1.678 -0.0301106
-1.677 -0.0295416
-1.676 -0.0289742
-1.675 -0.0284086
-1.674 -0.0278446
-1.673 -0.0272823
-1.672 -0.0267217
-1.671 -0.0261627
-1.67 -0.0256054
-1.669 -0.0250497
-1.668 -0.0244957
-1.667 -0.0239434
-1.666 -0.0233927
-1.665 -0.0228436
-1.664 -0.0222962
-1.663 -0.0217504
-1.662 -0.0212063
-1.661 -0.0206637
-1.66 -0.0201228
-1.659 -0.0195835
-1.658 -0.0190458
-1.657 -0.0185098
-1.656 -0.0179753
-1.655 -0.0174424
-1.654 -0.0169112
-1.653 -0.0163815
-1.652 -0.0158534
-1.651 -0.0153269
-1.65 -0.014802
-1.649 -0.0142786
-1.648 -0.0137569
-1.647 -0.0132367
-1.646 -0.012718
-1.645 -0.012201
-1.644 -0.0116854
-1.643 -0.0111715
-1.642 -0.010659
-1.641 -0.0101482
-1.64 -0.00963882
-1.639 -0.00913102
-1.638 -0.00862475
-1.637 -0.00812001
-1.636 -0.00761679
-1.635 -0.0071151
-1.634 -0.00661491
-1.633 -0.00611624
-1.632 -0.00561908
-1.631 -0.00512342
-1.63 -0.00462927
-1.629 -0.0041366
-1.628 -0.00364543
-1.627 -0.00315575
-1.626 -0.00266755
-1.625 -0.00218083
-1.624 -0.00169558
-1.623 -0.00121181
-1.622 -0.0007295
-1.621 -0.000248657
-1.62 0.000230727
-1.619 0.000708655
-1.618 0.00118513
-1.617 0.00166016
-1.616 0.00213375
-1.615 0.00260589
-1.614 0.00307661
-1.613 0.00354589
-1.612 0.00401374
-1.611 0.00448017
-1.61 0.00494518
-1.609 0.00540877
-1.608 0.00587096
-1.607 0.00633173
-1.606 0.00679111
-1.605 0.00724908
-1.604 0.00770566
-1.603 0.00816085
-1.602 0.00861465
-1.601 0.00906707
-1.6 0.0095181
-1.599 0.00996777
-1.598 0.0104161
-1.597 0.010863
-1.596 0.0113085
-1.595 0.0117527
-1.594 0.0121956
-1.593 0.0126371
-1.592 0.0130772
-1.591 0.013516
-1.59 0.0139535
-1.589 0.0143896
-1.588 0.0148244
-1.587 0.0152579
-1.586 0.01569
-1.585 0.0161209
-1.584 0.0165504
-1.583 0.0169786
-1.582 0.0174055
-1.581 0.0178311
-1.58 0.0182553
-1.579 0.0186783
-1.578 0.0191
-1.577 0.0195205
-1.576 0.0199396
-1.575 0.0203574
-1.574 0.020774
-1.573 0.0211893
-1.572 0.0216033
-1.571 0.0220161
-1.57 0.0224276
-1.569 0.0228379
-1.568 0.0232469
-1.567 0.0236546
-1.566 0.0240611
-1.565 0.0244664
-1.564 0.0248704
-1.563 0.0252732
-1.562 0.0256748
-1.561 0.0260751
-1.56 0.0264743
-1.559 0.0268722
-1.558 0.0272689
-1.557 0.0276643
-1.556 0.0280586
-1.555 0.0284517
-1.554 0.0288436
-1.553 0.0292343
-1.552 0.0296238
-1.551 0.0300121
-1.55 0.0303992
-1.549 0.0307852
-1.548 0.03117
-1.547 0.0315536
-1.546 0.031936
-1.545 0.0323173
-1.544 0.0326974
-1.543 0.0330764
-1.542 0.0334542
-1.541 0.0338309
-1.54 0.0342064
-1.539 0.0345808
-1.538 0.0349541
-1.537 0.0353262
-1.536 0.0356972
-1.535 0.0360671
-1.534 0.0364358
-1.533 0.0368035
-1.532 0.03717
-1.531 0.0375354
-1.53 0.0378998
-1.529 0.038263
-1.528 0.0386251
-1.527 0.0389861
-1.526 0.0393461
-1.525 0.0397049
-1.524 0.0400627
-1.523 0.0404194
-1.522 0.0407751
-1.521 0.0411296
-1.52 0.0414831
-1.519 0.0418356
-1.518 0.042187
-1.517 0.0425373
-1.516 0.0428866
-1.515 0.0432348
-1.514 0.043582
-1.513 0.0439281
-1.512 0.0442733
-1.511 0.0446174
-1.51 0.0449604
-1.509 0.0453025
-1.508 0.0456435
-1.507 0.0459835
-1.506 0.0463225
-1.505 0.0466605
-1.504 0.0469975
-1.503 0.0473335
-1.502 0.0476685
-1.501 0.0480025
-1.5 0.0483355
-1.499 0.0486675
-1.498 0.0489986
-1.497 0.0493287
-1.496 0.0496578
-1.495 0.0499859
-1.494 0.0503131
-1.493 0.0506393
-1.492 0.0509646
-1.491 0.0512889
-1.49 0.0516122
-1.489 0.0519346
-1.488 0.0522561
-1.487 0.0525766
-1.486 0.0528962
-1.485 0.0532149
-1.484 0.0535326
-1.483 0.0538494
-1.482 0.0541653
-1.481 0.0544803
-1.48 0.0547944
-1.479 0.0551076
-1.478 0.0554198
-1.477 0.0557312
-1.476 0.0560416
-1.475 0.0563512
-1.474 0.0566599
-1.473 0.0569677
-1.472 0.0572746
-1.471 0.0575807
-1.47 0.0578858
-1.469 0.0581901
-1.468 0.0584936
-1.467 0.0587961
-1.466 0.0590979
-1.465 0.0593987
-1.464 0.0596987
-1.463 0.0599979
-1.462 0.0602962
-1.461 0.0605937
-1.46 0.0608904
-1.459 0.0611862
-1.458 0.0614812
-1.457 0.0617753
-1.456 0.0620687
-1.455 0.0623612
-1.454 0.0626529
-1.453 0.0629438
-1.452 0.0632339
-1.451 0.0635232
-1.45 0.0638117
-1.449 0.0640995
-1.448 0.0643864
-1.447 0.0646725
-1.446 0.0649579
-1.445 0.0652424
-1.444 0.0655262
-1.443 0.0658093
-1.442 0.0660915
-1.441 0.066373
-1.44 0.0666538
-1.439 0.0669337
-1.438 0.067213
-1.437 0.0674915
-1.436 0.0677692
-1.435 0.0680462
-1.434 0.0683224
-1.433 0.068598
-1.432 0.0688728
-1.431 0.0691468
-1.43 0.0694202
-1.429 0.0696928
-1.428 0.0699647
-1.427 0.0702359
-1.426 0.0705064
-1.425 0.0707762
-1.424 0.0710453
-1.423 0.0713136
-1.422 0.0715813
-1.421 0.0718483
-1.42 0.0721147
-1.419 0.0723803
-1.418 0.0726453
-1.417 0.0729096
-1.416 0.0731732
-1.415 0.0734361
-1.414 0.0736984
-1.413 0.0739601
-1.412 0.074221
-1.411 0.0744813
-1.41 0.074741
-1.409 0.075
-1.408 0.0752584
-1.407 0.0755162
-1.406 0.0757733
-1.405 0.0760298
-1.404 0.0762856
-1.403 0.0765409
-1.402 0.0767955
-1.401 0.0770495
-1.4 0.0773029
-1.399 0.0775557
-1.398 0.0778079
-1.397 0.0780594
-1.396 0.0783104
-1.395 0.0785608
-1.394 0.0788106
-1.393 0.0790598
-1.392 0.0793084
-1.391 0.0795565
-1.39 0.079804
-1.389 0.0800509
-1.388 0.0802972
-1.387 0.080543
-1.386 0.0807882
-1.385 0.0810329
-1.384 0.081277
-1.383 0.0815205
-1.382 0.0817635
-1.381 0.082006
-1.38 0.0822479
-1.379 0.0824893
-1.378 0.0827302
-1.377 0.0829705
-1.376 0.0832103
-1.375 0.0834496
-1.374 0.0836884
-1.373 0.0839267
-1.372 0.0841644
-1.371 0.0844017
-1.37 0.0846384
-1.369 0.0848747
-1.368 0.0851104
-1.367 0.0853457
-1.366 0.0855805
-1.365 0.0858147
-1.364 0.0860486
-1.363 0.0862819
-1.362 0.0865147
-1.361 0.0867471
-1.36 0.0869791
-1.359 0.0872105
-1.358 0.0874415
-1.357 0.0876721
-1.356 0.0879022
-1.355 0.0881318
-1.354 0.088361
-1.353 0.0885898
-1.352 0.0888181
-1.351 0.089046
-1.35 0.0892734
-1.349 0.0895005
-1.348 0.0897271
-1.347 0.0899533
-1.346 0.090179
-1.345 0.0904044
-1.344 0.0906294
-1.343 0.0908539
-1.342 0.0910781
-1.341 0.0913018
-1.34 0.0915252
-1.339 0.0917481
-1.338 0.0919707
-1.337 0.0921929
-1.336 0.0924147
-1.335 0.0926361
-1.334 0.0928572
-1.333 0.0930779
-1.332 0.0932982
-1.331 0.0935182
-1.33 0.0937378
-1.329 0.093957
-1.328 0.0941759
-1.327 0.0943945
-1.326 0.0946127
-1.325 0.0948306
-1.324 0.0950481
-1.323 0.0952653
-1.322 0.0954821
-1.321 0.0956987
-1.32 0.0959149
-1.319 0.0961308
-1.318 0.0963463
-1.317 0.0965616
-1.316 0.0967765
-1.315 0.0969912
-1.314 0.0972055
-1.313 0.0974196
-1.312 0.0976333
-1.311 0.0978468
-1.31 0.0980599
-1.309 0.0982728
-1.308 0.0984854
-1.307 0.0986977
-1.306 0.0989098
-1.305 0.0991215
-1.304 0.0993331
-1.303 0.0995443
-1.302 0.0997553
-1.301 0.099966
-1.3 0.100176
-1.299 0.100387
-1.298 0.100597
-1.297 0.100806
-1.296 0.101016
-1.295 0.101225
-1.294 0.101434
-1.293 0.101643
-1.292 0.101851
-1.291 0.10206
-1.29 0.102268
-1.289 0.102476
-1.288 0.102684
-1.287 0.102891
-1.286 0.103098
-1.285 0.103305
-1.284 0.103512
-1.283 0.103719
-1.282 0.103925
-1.281 0.104132
-1.28 0.104338
-1.279 0.104544
-1.278 0.10475
-1.277 0.104955
-1.276 0.105161
-1.275 0.105366
-1.274 0.105571
-1.273 0.105776
-1.272 0.105981
-1.271 0.106185
-1.27 0.10639
-1.269 0.106594
-1.268 0.106798
-1.267 0.107002
-1.266 0.107206
-1.265 0.10741
-1.264 0.107613
-1.263 0.107817
-1.262 0.10802
-1.261 0.108224
-1.26 0.108427
-1.259 0.10863
-1.258 0.108833
-1.257 0.109035
-1.256 0.109238
-1.255 0.109441
-1.254 0.109643
-1.253 0.109846
-1.252 0.110048
-1.251 0.11025
-1.25 0.110452
-1.249 0.110654
-1.248 0.110856
-1.247 0.111058
-1.246 0.11126
-1.245 0.111462
-1.244 0.111664
-1.243 0.111865
-1.242 0.112067
-1.241 0.112268
-1.24 0.11247
-1.239 0.112671
-1.238 0.112873
-1.237 0.113074
-1.236 0.113276
-1.235 0.113477
-1.234 0.113678
-1.233 0.113879
-1.232 0.114081
-1.231 0.114282
-1.23 0.114483
-1.229 0.114684
-1.228 0.114885
-1.227 0.115086
-1.226 0.115288
-1.225 0.115489
-1.224 0.11569
-1.223 0.115891
-1.222 0.116092
-1.221 0.116293
-1.22 0.116495
-1.219 0.116696
-1.218 0.116897
-1.217 0.117098
-1.216 0.1173
-1.215 0.117501
-1.214 0.117702
-1.213 0.117904
-1.212 0.118105
-1.211 0.118307
-1.21 0.118508
-1.209 0.11871
-1.208 0.118911
-1.207 0.119113
-1.206 0.119315
-1.205 0.119517
-1.204 0.119719
-1.203 0.11992
-1.202 0.120123
-1.201 0.120325
-1.2 0.120527
-1.199 0.120729
-1.198 0.120931
-1.197 0.121134
-1.196 0.121336
-1.195 0.121539
-1.194 0.121742
-1.193 0.121945
-1.192 0.122148
-1.191 0.122351
-1.19 0.122554
-1.189 0.122757
-1.188 0.122961
-1.187 0.123164
-1.186 0.123368
-1.185 0.123572
-1.184 0.123775
-1.183 0.12398
-1.182 0.124184
-1.181 0.124388
-1.18 0.124592
-1.179 0.124797
-1.178 0.125002
-1.177 0.125207
-1.176 0.125412
-1.175 0.125617
-1.174 0.125823
-1.173 0.126028
-1.172 0.126234
-1.171 0.12644
-1.17 0.126646
-1.169 0.126852
-1.168 0.127058
-1.167 0.127265
-1.166 0.127472
-1.165 0.127679
-1.164 0.127886
-1.163 0.128094
-1.162 0.128301
-1.161 0.128509
-1.16 0.128717
-1.159 0.128925
-1.158 0.129134
-1.157 0.129342
-1.156 0.129551
-1.155 0.12976
-1.154 0.129969
-1.153 0.130179
-1.152 0.130389
-1.151 0.130599
-1.15 0.130809
-1.149 0.131019
-1.148 0.13123
-1.147 0.131441
-1.146 0.131652
-1.145 0.131864
-1.144 0.132075
-1.143 0.132287
-1.142 0.1325
-1.141 0.132712
-1.14 0.132925
-1.139 0.133138
-1.138 0.133351
-1.137 0.133565
-1.136 0.133779
-1.135 0.133993
-1.134 0.134207
-1.133 0.134422
-1.132 0.134637
-1.131 0.134852
-1.13 0.135068
-1.129 0.135284
-1.128 0.1355
-1.127 0.135716
-1.126 0.135933
-1.125 0.13615
-1.124 0.136368
-1.123 0.136585
-1.122 0.136804
-1.121 0.137022
-1.12 0.137241
-1.119 0.13746
-1.118 0.137679
-1.117 0.137899
-1.116 0.138119
-1.115 0.138339
-1.114 0.13856
-1.113 0.138781
-1.112 0.139002
-1.111 0.139224
-1.11 0.139446
-1.109 0.139669
-1.108 0.139892
-1.107 0.140115
-1.106 0.140338
-1.105 0.140562
-1.104 0.140787
-1.103 0.141011
-1.102 0.141236
-1.101 0.141462
-1.1 0.141688
-1.099 0.141914
-1.098 0.14214
-1.097 0.142367
-1.096 0.142595
-1.095 0.142823
-1.094 0.143051
-1.093 0.143279
-1.092 0.143508
-1.091 0.143738
-1.09 0.143968
-1.089 0.144198
-1.088 0.144428
-1.087 0.144659
-1.086 0.144891
-1.085 0.145123
-1.084 0.145355
-1.083 0.145588
-1.082 0.145821
-1.081 0.146055
-1.08 0.146289
-1.079 0.146523
-1.078 0.146758
-1.077 0.146994
-1.076 0.14723
-1.075 0.147466
-1.074 0.147703
-1.073 0.14794
-1.072 0.148178
-1.071 0.148416
-1.07 0.148654
-1.069 0.148893
-1.068 0.149133
-1.067 0.149373
-1.066 0.149613
-1.065 0.149854
-1.064 0.150096
-1.063 0.150338
-1.062 0.15058
-1.061 0.150823
-1.06 0.151066
-1.059 0.15131
-1.058 0.151555
-1.057 0.1518
-1.056 0.152045
-1.055 0.152291
-1.054 0.152537
-1.053 0.152784
-1.052 0.153032
-1.051 0.15328
-1.05 0.153528
-1.049 0.153777
-1.048 0.154027
-1.047 0.154277
-1.046 0.154527
-1.045 0.154778
-1.044 0.15503
-1.043 0.155282
-1.042 0.155535
-1.041 0.155788
-1.04 0.156042
-1.039 0.156296
-1.038 0.156551
-1.037 0.156806
-1.036 0.157062
-1.035 0.157319
-1.034 0.157576
-1.033 0.157834
-1.032 0.158092
-1.031 0.158351
-1.03 0.15861
-1.029 0.15887
-1.028 0.15913
-1.027 0.159391
-1.026 0.159653
-1.025 0.159915
-1.024 0.160178
-1.023 0.160442
-1.022 0.160706
-1.021 0.16097
-1.02 0.161235
-1.019 0.161501
-1.018 0.161767
-1.017 0.162034
-1.016 0.162302
-1.015 0.16257
-1.014 0.162839
-1.013 0.163108
-1.012 0.163378
-1.011 0.163649
-1.01 0.16392
-1.009 0.164192
-1.008 0.164464
-1.007 0.164737
-1.006 0.165011
-1.005 0.165285
-1.004 0.16556
-1.003 0.165836
-1.002 0.166112
-1.001 0.166389
-1 0.166667
-0.999 0.166945
-0.998 0.167224
-0.997 0.167503
-0.996 0.167783
-0.995 0.168064
-0.994 0.168345
-0.993 0.168627
-0.992 0.16891
-0.991 0.169193
-0.99 0.169477
-0.989 0.169762
-0.988 0.170047
-0.987 0.170333
-0.986 0.17062
-0.985 0.170908
-0.984 0.171196
-0.983 0.171484
-0.982 0.171774
-0.981 0.172064
-0.98 0.172355
-0.979 0.172646
-0.978 0.172938
-0.977 0.173231
-0.976 0.173524
-0.975 0.173819
-0.974 0.174114
-0.973 0.174409
-0.972 0.174705
-0.971 0.175003
-0.97 0.1753
-0.969 0.175599
-0.968 0.175898
-0.967 0.176198
-0.966 0.176498
-0.965 0.176799
-0.964 0.177101
-0.963 0.177404
-0.962 0.177708
-0.961 0.178012
-0.96 0.178317
-0.959 0.178622
-0.958 0.178929
-0.957 0.179236
-0.956 0.179543
-0.955 0.179852
-0.954 0.180161
-0.953 0.180471
-0.952 0.180782
-0.951 0.181094
-0.95 0.181406
-0.949 0.181719
-0.948 0.182033
-0.947 0.182347
-0.946 0.182662
-0.945 0.182978
-0.944 0.183295
-0.943 0.183613
-0.942 0.183931
-0.941 0.18425
-0.94 0.18457
-0.939 0.184891
-0.938 0.185212
-0.937 0.185534
-0.936 0.185857
-0.935 0.186181
-0.934 0.186505
-0.933 0.186831
-0.932 0.187157
-0.931 0.187483
-0.93 0.187811
-0.929 0.18814
-0.928 0.188469
-0.927 0.188799
-0.926 0.18913
-0.925 0.189461
-0.924 0.189794
-0.923 0.190127
-0.922 0.190461
-0.921 0.190796
-0.92 0.191132
-0.919 0.191468
-0.918 0.191805
-0.917 0.192144
-0.916 0.192482
-0.915 0.192822
-0.914 0.193163
-0.913 0.193504
-0.912 0.193847
-0.911 0.19419
-0.91 0.194534
-0.909 0.194878
-0.908 0.195224
-0.907 0.195571
-0.906 0.195918
-0.905 0.196266
-0.904 0.196615
-0.903 0.196965
-0.902 0.197316
-0.901 0.197667
-0.9 0.19802
-0.899 0.198373
-0.898 0.198727
-0.897 0.199082
-0.896 0.199438
-0.895 0.199795
-0.894 0.200153
-0.893 0.200511
-0.892 0.200871
-0.891 0.201231
-0.89 0.201593
-0.889 0.201955
-0.888 0.202318
-0.887 0.202682
-0.886 0.203046
-0.885 0.203412
-0.884 0.203779
-0.883 0.204146
-0.882 0.204515
-0.881 0.204884
-0.88 0.205254
-0.879 0.205626
-0.878 0.205998
-0.877 0.206371
-0.876 0.206745
-0.875 0.20712
-0.874 0.207496
-0.873 0.207872
-0.872 0.20825
-0.871 0.208629
-0.87 0.209008
-0.869 0.209389
-0.868 0.20977
-0.867 0.210153
-0.866 0.210536
-0.865 0.21092
-0.864 0.211306
-0.863 0.211692
-0.862 0.212079
-0.861 0.212467
-0.86 0.212857
-0.859 0.213247
-0.858 0.213638
-0.857 0.21403
-0.856 0.214423
-0.855 0.214817
-0.854 0.215212
-0.853 0.215608
-0.852 0.216005
-0.851 0.216403
-0.85 0.216802
-0.849 0.217202
-0.848 0.217603
-0.847 0.218005
-0.846 0.218408
-0.845 0.218812
-0.844 0.219217
-0.843 0.219624
-0.842 0.220031
-0.841 0.220439
-0.84 0.220848
-0.839 0.221258
-0.838 0.221669
-0.837 0.222082
-0.836 0.222495
-0.835 0.222909
-0.834 0.223325
-0.833 0.223741
-0.832 0.224159
-0.831 0.224577
-0.83 0.224997
-0.829 0.225418
-0.828 0.22584
-0.827 0.226262
-0.826 0.226686
-0.825 0.227111
-0.824 0.227537
-0.823 0.227965
-0.822 0.228393
-0.821 0.228822
-0.82 0.229253
-0.819 0.229684
-0.818 0.230117
-0.817 0.23055
-0.816 0.230985
-0.815 0.231421
-0.814 0.231858
-0.813 0.232296
-0.812 0.232736
-0.811 0.233176
-0.81 0.233618
-0.809 0.23406
-0.808 0.234504
-0.807 0.234949
-0.806 0.235395
-0.805 0.235842
-0.804 0.23629
-0.803 0.23674
-0.802 0.237191
-0.801 0.237642
-0.8 0.238095
-0.799 0.238549
-0.798 0.239005
-0.797 0.239461
-0.796 0.239919
-0.795 0.240377
-0.794 0.240837
-0.793 0.241299
-0.792 0.241761
-0.791 0.242224
-0.79 0.242689
-0.789 0.243155
-0.788 0.243622
-0.787 0.24409
-0.786 0.24456
-0.785 0.245031
-0.784 0.245502
-0.783 0.245976
-0.782 0.24645
-0.781 0.246925
-0.78 0.247402
-0.779 0.24788
-0.778 0.24836
-0.777 0.24884
-0.776 0.249322
-0.775 0.249805
-0.774 0.250289
-0.773 0.250775
-0.772 0.251261
-0.771 0.251749
-0.77 0.252239
-0.769 0.252729
-0.768 0.253221
-0.767 0.253714
-0.766 0.254208
-0.765 0.254704
-0.764 0.255201
-0.763 0.255699
-0.762 0.256199
-0.761 0.256699
-0.76 0.257202
-0.759 0.257705
-0.758 0.25821
-0.757 0.258716
-0.756 0.259223
-0.755 0.259732
-0.754 0.260242
-0.753 0.260753
-0.752 0.261266
-0.751 0.26178
-0.75 0.262295
-0.749 0.262812
-0.748 0.26333
-0.747 0.263849
-0.746 0.26437
-0.745 0.264892
-0.744 0.265415
-0.743 0.26594
-0.742 0.266466
-0.741 0.266994
-0.74 0.267523
-0.739 0.268053
-0.738 0.268585
-0.737 0.269118
-0.736 0.269652
-0.735 0.270188
-0.734 0.270725
-0.733 0.271264
-0.732 0.271804
-0.731 0.272346
-0.73 0.272889
-0.729 0.273433
-0.728 0.273979
-0.727 0.274526
-0.726 0.275074
-0.725 0.275625
-0.724 0.276176
-0.723 0.276729
-0.722 0.277283
-0.721 0.277839
-0.72 0.278396
-0.719 0.278955
-0.718 0.279515
-0.717 0.280077
-0.716 0.28064
-0.715 0.281205
-0.714 0.281771
-0.713 0.282339
-0.712 0.282908
-0.711 0.283478
-0.71 0.284051
-0.709 0.284624
-0.708 0.285199
-0.707 0.285776
-0.706 0.286354
-0.705 0.286934
-0.704 0.287515
-0.703 0.288098
-0.702 0.288682
-0.701 0.289268
-0.7 0.289855
-0.699 0.290444
-0.698 0.291034
-0.697 0.291626
-0.696 0.29222
-0.695 0.292815
-0.694 0.293412
-0.693 0.29401
-0.692 0.29461
-0.691 0.295211
-0.69 0.295814
-0.689 0.296419
-0.688 0.297025
-0.687 0.297633
-0.686 0.298242
-0.685 0.298853
-0.684 0.299466
-0.683 0.30008
-0.682 0.300696
-0.681 0.301313
-0.68 0.301932
-0.679 0.302553
-0.678 0.303176
-0.677 0.3038
-0.676 0.304425
-0.675 0.305053
-0.674 0.305681
-0.673 0.306312
-0.672 0.306944
-0.671 0.307578
-0.67 0.308214
-0.669 0.308851
-0.668 0.30949
-0.667 0.310131
-0.666 0.310773
-0.665 0.311417
-0.664 0.312063
-0.663 0.312711
-0.662 0.31336
-0.661 0.314011
-0.66 0.314663
-0.659 0.315318
-0.658 0.315974
-0.657 0.316632
-0.656 0.317291
-0.655 0.317952
-0.654 0.318615
-0.653 0.31928
-0.652 0.319947
-0.651 0.320615
-0.65 0.321285
-0.649 0.321957
-0.648 0.322631
-0.647 0.323306
-0.646 0.323983
-0.645 0.324662
-0.644 0.325343
-0.643 0.326025
-0.642 0.32671
-0.641 0.327396
-0.64 0.328084
-0.639 0.328774
-0.638 0.329465
-0.637 0.330159
-0.636 0.330854
-0.635 0.331551
-0.634 0.33225
-0.633 0.332951
-0.632 0.333654
-0.631 0.334358
-0.63 0.335064
-0.629 0.335773
-0.628 0.336483
-0.627 0.337195
-0.626 0.337909
-0.625 0.338624
-0.624 0.339342
-0.623 0.340061
-0.622 0.340783
-0.621 0.341506
-0.62 0.342231
-0.619 0.342959
-0.618 0.343688
-0.617 0.344419
-0.616 0.345151
-0.615 0.345886
-0.614 0.346623
-0.613 0.347362
-0.612 0.348102
-0.611 0.348845
-0.61 0.349589
-0.609 0.350336
-0.608 0.351084
-0.607 0.351835
-0.606 0.352587
-0.605 0.353341
-0.604 0.354098
-0.603 0.354856
-0.602 0.355616
-0.601 0.356379
-0.6 0.357143
-0.599 0.357909
-0.598 0.358678
-0.597 0.359448
-0.596 0.36022
-0.595 0.360995
-0.594 0.361771
-0.593 0.362549
-0.592 0.36333
-0.591 0.364112
-0.59 0.364897
-0.589 0.365683
-0.588 0.366472
-0.587 0.367263
-0.586 0.368056
-0.585 0.368851
-0.584 0.369647
-0.583 0.370446
-0.582 0.371248
-0.581 0.372051
-0.58 0.372856
-0.579 0.373663
-0.578 0.374473
-0.577 0.375284
-0.576 0.376098
-0.575 0.376914
-0.574 0.377732
-0.573 0.378552
-0.572 0.379374
-0.571 0.380198
-0.57 0.381025
-0.569 0.381854
-0.568 0.382684
-0.567 0.383517
-0.566 0.384352
-0.565 0.385189
-0.564 0.386029
-0.563 0.38687
-0.562 0.387714
-0.561 0.38856
-0.56 0.389408
-0.559 0.390258
-0.558 0.391111
-0.557 0.391966
-0.556 0.392822
-0.555 0.393681
-0.554 0.394543
-0.553 0.395406
-0.552 0.396272
-0.551 0.39714
-0.55 0.39801
-0.549 0.398882
-0.548 0.399757
-0.547 0.400634
-0.546 0.401513
-0.545 0.402394
-0.544 0.403278
-0.543 0.404164
-0.542 0.405052
-0.541 0.405942
-0.54 0.406835
-0.539 0.40773
-0.538 0.408627
-0.537 0.409526
-0.536 0.410428
-0.535 0.411332
-0.534 0.412239
-0.533 0.413147
-0.532 0.414058
-0.531 0.414971
-0.53 0.415887
-0.529 0.416805
-0.528 0.417725
-0.527 0.418647
-0.526 0.419572
-0.525 0.420499
-0.524 0.421429
-0.523 0.422361
-0.522 0.423295
-0.521 0.424231
-0.52 0.42517
-0.519 0.426111
-0.518 0.427055
-0.517 0.428001
-0.516 0.428949
-0.515 0.429899
-0.514 0.430852
-0.513 0.431808
-0.512 0.432765
-0.511 0.433726
-0.51 0.434688
-0.509 0.435653
-0.508 0.43662
-0.507 0.43759
-0.506 0.438562
-0.505 0.439536
-0.504 0.440513
-0.503 0.441492
-0.502 0.442474
-0.501 0.443458
-0.5 0.444444
-0.499 0.445433
-0.498 0.446425
-0.497 0.447418
-0.496 0.448414
-0.495 0.449413
-0.494 0.450414
-0.493 0.451417
-0.492 0.452423
-0.491 0.453432
-0.49 0.454442
-0.489 0.455455
-0.488 0.456471
-0.487 0.457489
-0.486 0.45851
-0.485 0.459533
-0.484 0.460558
-0.483 0.461586
-0.482 0.462616
-0.481 0.463649
-0.48 0.464684
-0.479 0.465722
-0.478 0.466762
-0.477 0.467805
-0.476 0.46885
-0.475 0.469897
-0.474 0.470947
-0.473 0.472
-0.472 0.473055
-0.471 0.474112
-0.47 0.475172
-0.469 0.476235
-0.468 0.4773
-0.467 0.478367
-0.466 0.479437
-0.465 0.480509
-0.464 0.481584
-0.463 0.482662
-0.462 0.483741
-0.461 0.484824
-0.46 0.485909
-0.459 0.486996
-0.458 0.488086
-0.457 0.489178
-0.456 0.490273
-0.455 0.49137
-0.454 0.49247
-0.453 0.493572
-0.452 0.494677
-0.451 0.495785
-0.45 0.496894
-0.449 0.498007
-0.448 0.499121
-0.447 0.500239
-0.446 0.501359
-0.445 0.502481
-0.444 0.503606
-0.443 0.504733
-0.442 0.505863
-0.441 0.506995
-0.44 0.50813
-0.439 0.509267
-0.438 0.510407
-0.437 0.51155
-0.436 0.512694
-0.435 0.513842
-0.434 0.514991
-0.433 0.516144
-0.432 0.517299
-0.431 0.518456
-0.43 0.519616
-0.429 0.520778
-0.428 0.521943
-0.427 0.52311
-0.426 0.524279
-0.425 0.525452
-0.424 0.526626
-0.423 0.527803
-0.422 0.528983
-0.421 0.530165
-0.42 0.53135
-0.419 0.532537
-0.418 0.533726
-0.417 0.534918
-0.416 0.536113
-0.415 0.537309
-0.414 0.538509
-0.413 0.539711
-0.412 0.540915
-0.411 0.542122
-0.41 0.543331
-0.409 0.544542
-0.408 0.545756
-0.407 0.546973
-0.406 0.548192
-0.405 0.549413
-0.404 0.550637
-0.403 0.551863
-0.402 0.553091
-0.401 0.554322
-0.4 0.555556
-0.399 0.556791
-0.398 0.558029
-0.397 0.55927
-0.396 0.560513
-0.395 0.561758
-0.394 0.563006
-0.393 0.564256
-0.392 0.565508
-0.391 0.566763
-0.39 0.56802
-0.389 0.56928
-0.388 0.570542
-0.387 0.571806
-0.386 0.573072
-0.385 0.574341
-0.384 0.575612
-0.383 0.576886
-0.382 0.578162
-0.381 0.57944
-0.38 0.58072
-0.379 0.582003
-0.378 0.583288
-0.377 0.584575
-0.376 0.585864
-0.375 0.587156
-0.374 0.58845
-0.373 0.589746
-0.372 0.591045
-0.371 0.592345
-0.37 0.593648
-0.369 0.594953
-0.368 0.59626
-0.367 0.59757
-0.366 0.598881
-0.365 0.600195
-0.364 0.601511
-0.363 0.602829
-0.362 0.604149
-0.361 0.605472
-0.36 0.606796
-0.359 0.608123
-0.358 0.609451
-0.357 0.610782
-0.356 0.612115
-0.355 0.61345
-0.354 0.614787
-0.353 0.616126
-0.352 0.617467
-0.351 0.61881
-0.35 0.620155
-0.349 0.621502
-0.348 0.622851
-0.347 0.624202
-0.346 0.625555
-0.345 0.62691
-0.344 0.628267
-0.343 0.629626
-0.342 0.630986
-0.341 0.632349
-0.34 0.633714
-0.339 0.63508
-0.338 0.636448
-0.337 0.637818
-0.336 0.63919
-0.335 0.640564
-0.334 0.641939
-0.333 0.643316
-0.332 0.644695
-0.331 0.646076
-0.33 0.647459
-0.329 0.648843
-0.328 0.650229
-0.327 0.651616
-0.326 0.653006
-0.325 0.654397
-0.324 0.655789
-0.323 0.657183
-0.322 0.658579
-0.321 0.659977
-0.32 0.661376
-0.319 0.662776
-0.318 0.664178
-0.317 0.665582
-0.316 0.666987
-0.315 0.668393
-0.314 0.669801
-0.313 0.671211
-0.312 0.672622
-0.311 0.674034
-0.31 0.675448
-0.309 0.676862
-0.308 0.678279
-0.307 0.679696
-0.306 0.681115
-0.305 0.682536
-0.304 0.683957
-0.303 0.68538
-0.302 0.686804
-0.301 0.688229
-0.3 0.689655
-0.299 0.691083
-0.298 0.692511
-0.297 0.693941
-0.296 0.695372
-0.295 0.696803
-0.294 0.698236
-0.293 0.69967
-0.292 0.701105
-0.291 0.702541
-0.29 0.703978
-0.289 0.705415
-0.288 0.706854
-0.287 0.708293
-0.286 0.709733
-0.285 0.711174
-0.284 0.712616
-0.283 0.714059
-0.282 0.715502
-0.281 0.716946
-0.28 0.718391
-0.279 0.719836
-0.278 0.721282
-0.277 0.722729
-0.276 0.724176
-0.275 0.725624
-0.274 0.727072
-0.273 0.72852
-0.272 0.72997
-0.271 0.731419
-0.27 0.732869
-0.269 0.734319
-0.268 0.73577
-0.267 0.737221
-0.266 0.738672
-0.265 0.740124
-0.264 0.741576
-0.263 0.743028
-0.262 0.74448
-0.261 0.745932
-0.26 0.747384
-0.259 0.748836
-0.258 0.750289
-0.257 0.751741
-0.256 0.753193
-0.255 0.754646
-0.254 0.756098
-0.253 0.75755
-0.252 0.759002
-0.251 0.760453
-0.25 0.761905
-0.249 0.763356
-0.248 0.764807
-0.247 0.766257
-0.246 0.767707
-0.245 0.769157
-0.244 0.770606
-0.243 0.772055
-0.242 0.773503
-0.241 0.774951
-0.24 0.776398
-0.239 0.777844
-0.238 0.77929
-0.237 0.780735
-0.236 0.782179
-0.235 0.783622
-0.234 0.785065
-0.233 0.786507
-0.232 0.787948
-0.231 0.789388
-0.23 0.790826
-0.229 0.792264
-0.228 0.793701
-0.227 0.795137
-0.226 0.796572
-0.225 0.798005
-0.224 0.799437
-0.223 0.800868
-0.222 0.802298
-0.221 0.803726
-0.22 0.805153
-0.219 0.806578
-0.218 0.808002
-0.217 0.809425
-0.216 0.810846
-0.215 0.812265
-0.214 0.813683
-0.213 0.815099
-0.212 0.816513
-0.211 0.817926
-0.21 0.819336
-0.209 0.820745
-0.208 0.822152
-0.207 0.823557
-0.206 0.82496
-0.205 0.826361
-0.204 0.82776
-0.203 0.829156
-0.202 0.830551
-0.201 0.831943
-0.2 0.833333
-0.199 0.834721
-0.198 0.836106
-0.197 0.837489
-0.196 0.83887
-0.195 0.840248
-0.194 0.841623
-0.193 0.842996
-0.192 0.844366
-0.191 0.845734
-0.19 0.847099
-0.189 0.848461
-0.188 0.84982
-0.187 0.851176
-0.186 0.852529
-0.185 0.85388
-0.184 0.855227
-0.183 0.856571
-0.182 0.857913
-0.181 0.859251
-0.18 0.860585
-0.179 0.861917
-0.178 0.863245
-0.177 0.86457
-0.176 0.865891
-0.175 0.867209
-0.174 0.868523
-0.173 0.869834
-0.172 0.871141
-0.171 0.872444
-0.17 0.873744
-0.169 0.87504
-0.168 0.876332
-0.167 0.87762
-0.166 0.878905
-0.165 0.880185
-0.164 0.881461
-0.163 0.882733
-0.162 0.884001
-0.161 0.885265
-0.16 0.886525
-0.159 0.88778
-0.158 0.889031
-0.157 0.890278
-0.156 0.89152
-0.155 0.892757
-0.154 0.893991
-0.153 0.895219
-0.152 0.896443
-0.151 0.897662
-0.15 0.898876
-0.149 0.900086
-0.148 0.901291
-0.147 0.90249
-0.146 0.903685
-0.145 0.904875
-0.144 0.90606
-0.143 0.907239
-0.142 0.908414
-0.141 0.909583
-0.14 0.910747
-0.139 0.911905
-0.138 0.913059
-0.137 0.914206
-0.136 0.915349
-0.135 0.916485
-0.134 0.917616
-0.133 0.918742
-0.132 0.919862
-0.131 0.920976
-0.13 0.922084
-0.129 0.923186
-0.128 0.924283
-0.127 0.925373
-0.126 0.926458
-0.125 0.927536
-0.124 0.928609
-0.123 0.929675
-0.122 0.930735
-0.121 0.931788
-0.12 0.932836
-0.119 0.933877
-0.118 0.934911
-0.117 0.93594
-0.116 0.936961
-0.115 0.937976
-0.114 0.938985
-0.113 0.939987
-0.112 0.940982
-0.111 0.94197
-0.11 0.942951
-0.109 0.943926
-0.108 0.944894
-0.107 0.945855
-0.106 0.946808
-0.105 0.947755
-0.104 0.948695
-0.103 0.949627
-0.102 0.950552
-0.101 0.95147
-0.1 0.952381
-0.099 0.953284
-0.098 0.95418
-0.097 0.955069
-0.096 0.95595
-0.095 0.956823
-0.094 0.957689
-0.093 0.958548
-0.092 0.959398
-0.091 0.960241
-0.09 0.961076
-0.089 0.961904
-0.088 0.962723
-0.087 0.963535
-0.086 0.964339
-0.085 0.965134
-0.084 0.965922
-0.083 0.966702
-0.082 0.967474
-0.081 0.968237
-0.08 0.968992
-0.079 0.969739
-0.078 0.970478
-0.077 0.971208
-0.076 0.971931
-0.075 0.972644
-0.074 0.97335
-0.073 0.974047
-0.072 0.974735
-0.071 0.975415
-0.07 0.976086
-0.069 0.976748
-0.068 0.977402
-0.067 0.978048
-0.066 0.978684
-0.065 0.979312
-0.064 0.979931
-0.063 0.980541
-0.062 0.981142
-0.061 0.981735
-0.06 0.982318
-0.059 0.982893
-0.058 0.983458
-0.057 0.984015
-0.056 0.984562
-0.055 0.9851
-0.054 0.98563
-0.053 0.98615
-0.052 0.98666
-0.051 0.987162
-0.05 0.987654
-0.049 0.988137
-0.048 0.988611
-0.047 0.989076
-0.046 0.989531
-0.045 0.989977
-0.044 0.990413
-0.043 0.99084
-0.042 0.991257
-0.041 0.991665
-0.04 0.992064
-0.039 0.992452
-0.038 0.992832
-0.037 0.993202
-0.036 0.993562
-0.035 0.993912
-0.034 0.994253
-0.033 0.994584
-0.032 0.994906
-0.031 0.995218
-0.03 0.99552
-0.029 0.995813
-0.028 0.996095
-0.027 0.996368
-0.026 0.996631
-0.025 0.996885
-0.024 0.997128
-0.023 0.997362
-0.022 0.997586
-0.021 0.9978
-0.02 0.998004
-0.019 0.998198
-0.018 0.998383
-0.017 0.998557
-0.016 0.998722
-0.015 0.998876
-0.014 0.999021
-0.013 0.999156
-0.012 0.999281
-0.011 0.999395
-0.01 0.9995
-0.009 0.999595
-0.008 0.99968
-0.007 0.999755
-0.006 0.99982
-0.005 0.999875
-0.004 0.99992
-0.003 0.999955
-0.002 0.99998
-0.001 0.999995
-1.09253e-13 1
0.001 0.999995
0.002 0.99998
0.003 0.999955
0.004 0.99992
0.005 0.999875
0.006 0.99982
0.007 0.999755
0.008 0.99968
0.009 0.999595
0.01 0.9995
0.011 0.999395
0.012 0.999281
0.013 0.999156
0.014 0.999021
0.015 0.998876
0.016 0.998722
0.017 0.998557
0.018 0.998383
0.019 0.998198
0.02 0.998004
0.021 0.9978
0.022 0.997586
0.023 0.997362
0.024 0.997128
0.025 0.996885
0.026 0.996631
0.027 0.996368
0.028 0.996095
0.029 0.995813
0.03 0.99552
0.031 0.995218
0.032 0.994906
0.033 0.994584
0.034 0.994253
0.035 0.993912
0.036 0.993562
0.037 0.993202
0.038 0.992832
0.039 0.992452
0.04 0.992064
0.041 0.991665
0.042 0.991257
0.043 0.99084
0.044 0.990413
0.045 0.989977
0.046 0.989531
0.047 0.989076
0.048 0.988611
0.049 0.988137
0.05 0.987654
0.051 0.987162
0.052 0.98666
0.053 0.98615
0.054 0.98563
0.055 0.9851
0.056 0.984562
0.057 0.984015
0.058 0.983458
0.059 0.982893
0.06 0.982318
0.061 0.981735
0.062 0.981142
0.063 0.980541
0.064 0.979931
0.065 0.979312
0.066 0.978684
0.067 0.978048
0.068 0.977402
0.069 0.976748
0.07 0.976086
0.071 0.975415
0.072 0.974735
0.073 0.974047
0.074 0.97335
0.075 0.972644
0.076 0.971931
0.077 0.971208
0.078 0.970478
0.079 0.969739
0.08 0.968992
0.081 0.968237
0.082 0.967474
0.083 0.966702
0.084 0.965922
0.085 0.965134
0.086 0.964339
0.087 0.963535
0.088 0.962723
0.089 0.961904
0.09 0.961076
0.091 0.960241
0.092 0.959398
0.093 0.958548
0.094 0.957689
0.095 0.956823
0.096 0.95595
0.097 0.955069
0.098 0.95418
0.099 0.953284
0.1 0.952381
0.101 0.95147
0.102 0.950552
0.103 0.949627
0.104 0.948695
0.105 0.947755
0.106 0.946808
0.107 0.945855
0.108 0.944894
0.109 0.943926
0.11 0.942951
0.111 0.94197
0.112 0.940982
0.113 0.939987
0.114 0.938985
0.115 0.937976
0.116 0.936961
0.117 0.93594
0.118 0.934911
0.119 0.933877
0.12 0.932836
0.121 0.931788
0.122 0.930735
0.123 0.929675
0.124 0.928609
0.125 0.927536
0.126 0.926458
0.127 0.925373
0.128 0.924283
0.129 0.923186
0.13 0.922084
0.131 0.920976
0.132 0.919862
0.133 0.918742
0.134 0.917616
0.135 0.916485
0.136 0.915349
0.137 0.914206
0.138 0.913059
0.139 0.911905
0.14 0.910747
0.141 0.909583
0.142 0.908414
0.143 0.907239
0.144 0.90606
0.145 0.904875
0.146 0.903685
0.147 0.90249
0.148 0.901291
0.149 0.900086
0.15 0.898876
0.151 0.897662
0.152 0.896443
0.153 0.895219
0.154 0.893991
0.155 0.892757
0.156 0.89152
0.157 0.890278
0.158 0.889031
0.159 0.88778
0.16 0.886525
0.161 0.885265
0.162 0.884001
0.163 0.882733
0.164 0.881461
0.165 0.880185
0.166 0.878905
0.167 0.87762
0.168 0.876332
0.169 0.87504
0.17 0.873744
0.171 0.872444
0.172 0.871141
0.173 0.869834
0.174 0.868523
0.175 0.867209
0.176 0.865891
0.177 0.86457
0.178 0.863245
0.179 0.861917
0.18 0.860585
0.181 0.859251
0.182 0.857913
0.183 0.856571
0.184 0.855227
0.185 0.85388
0.186 0.852529
0.187 0.851176
0.188 0.84982
0.189 0.848461
0.19 0.847099
0.191 0.845734
0.192 0.844366
0.193 0.842996
0.194 0.841623
0.195 0.840248
0.196 0.83887
0.197 0.837489
0.198 0.836106
0.199 0.834721
0.2 0.833333
0.201 0.831943
0.202 0.830551
0.203 0.829156
0.204 0.82776
0.205 0.826361
0.206 0.82496
0.207 0.823557
0.208 0.822152
0.209 0.820745
0.21 0.819336
0.211 0.817926
0.212 0.816513
0.213 0.815099
0.214 0.813683
0.215 0.812265
0.216 0.810846
0.217 0.809425
0.218 0.808002
0.219 0.806578
0.22 0.805153
0.221 0.803726
0.222 0.802298
0.223 0.800868
0.224 0.799437
0.225 0.798005
0.226 0.796572
0.227 0.795137
0.228 0.793701
0.229 0.792264
0.23 0.790826
0.231 0.789388
0.232 0.787948
0.233 0.786507
0.234 0.785065
0.235 0.783622
0.236 0.782179
0.237 0.780735
0.238 0.77929
0.239 0.777844
0.24 0.776398
0.241 0.774951
0.242 0.773503
0.243 0.772055
0.244 0.770606
0.245 0.769157
0.246 0.767707
0.247 0.766257
0.248 0.764807
0.249 0.763356
0.25 0.761905
0.251 0.760453
0.252 0.759002
0.253 0.75755
0.254 0.756098
0.255 0.754646
0.256 0.753193
0.257 0.751741
0.258 0.750289
0.259 0.748836
0.26 0.747384
0.261 0.745932
0.262 0.74448
0.263 0.743028
0.264 0.741576
0.265 0.740124
0.266 0.738672
0.267 0.737221
0.268 0.73577
0.269 0.734319
0.27 0.732869
0.271 0.731419
0.272 0.72997
0.273 0.72852
0.274 0.727072
0.275 0.725624
0.276 0.724176
0.277 0.722729
0.278 0.721282
0.279 0.719836
0.28 0.718391
0.281 0.716946
0.282 0.715502
0.283 0.714059
0.284 0.712616
0.285 0.711174
0.286 0.709733
0.287 0.708293
0.288 0.706854
0.289 0.705415
0.29 0.703978
0.291 0.702541
0.292 0.701105
0.293 0.69967
0.294 0.698236
0.295 0.696803
0.296 0.695372
0.297 0.693941
0.298 0.692511
0.299 0.691083
0.3 0.689655
0.301 0.688229
0.302 0.686804
0.303 0.68538
0.304 0.683957
0.305 0.682536
0.306 0.681115
0.307 0.679696
0.308 0.678279
0.309 0.676862
0.31 0.675448
0.311 0.674034
0.312 0.672622
0.313 0.671211
0.314 0.669801
0.315 0.668393
0.316 0.666987
0.317 0.665582
0.318 0.664178
0.319 0.662776
0.32 0.661376
0.321 0.659977
0.322 0.658579
0.323 0.657183
0.324 0.655789
0.325 0.654397
0.326 0.653006
0.327 0.651616
0.328 0.650229
0.329 0.648843
0.33 0.647459
0.331 0.646076
0.332 0.644695
0.333 0.643316
0.334 0.641939
0.335 0.640564
0.336 0.63919
0.337 0.637818
0.338 0.636448
0.339 0.63508
0.34 0.633714
0.341 0.632349
0.342 0.630986
0.343 0.629626
0.344 0.628267
0.345 0.62691
0.346 0.625555
0.347 0.624202
0.348 0.622851
0.349 0.621502
0.35 0.620155
0.351 0.61881
0.352 0.617467
0.353 0.616126
0.354 0.614787
0.355 0.61345
0.356 0.612115
0.357 0.610782
0.358 0.609451
0.359 0.608123
0.36 0.606796
0.361 0.605472
0.362 0.604149
0.363 0.602829
0.364 0.601511
0.365 0.600195
0.366 0.598881
0.367 0.59757
0.368 0.59626
0.369 0.594953
0.37 0.593648
0.371 0.592345
0.372 0.591045
0.373 0.589746
0.374 0.58845
0.375 0.587156
0.376 0.585864
0.377 0.584575
0.378 0.583288
0.379 0.582003
0.38 0.58072
0.381 0.57944
0.382 0.578162
0.383 0.576886
0.384 0.575612
0.385 0.574341
0.386 0.573072
0.387 0.571806
0.388 0.570542
0.389 0.56928
0.39 0.56802
0.391 0.566763
0.392 0.565508
0.393 0.564256
0.394 0.563006
0.395 0.561758
0.396 0.560513
0.397 0.55927
0.398 0.558029
0.399 0.556791
0.4 0.555556
0.401 0.554322
0.402 0.553091
0.403 0.551863
0.404 0.550637
0.405 0.549413
0.406 0.548192
0.407 0.546973
0.408 0.545756
0.409 0.544542
0.41 0.543331
0.411 0.542122
0.412 0.540915
0.413 0.539711
0.414 0.538509
0.415 0.537309
0.416 0.536113
0.417 0.534918
0.418 0.533726
0.419 0.532537
0.42 0.53135
0.421 0.530165
0.422 0.528983
0.423 0.527803
0.424 0.526626
0.425 0.525452
0.426 0.524279
0.427 0.52311
0.428 0.521943
0.429 0.520778
0.43 0.519616
0.431 0.518456
0.432 0.517299
0.433 0.516144
0.434 0.514991
0.435 0.513842
0.436 0.512694
0.437 0.51155
0.438 0.510407
0.439 0.509267
0.44 0.50813
0.441 0.506995
0.442 0.505863
0.443 0.504733
0.444 0.503606
0.445 0.502481
0.446 0.501359
0.447 0.500239
0.448 0.499121
0.449 0.498007
0.45 0.496894
0.451 0.495785
0.452 0.494677
0.453 0.493572
0.454 0.49247
0.455 0.49137
0.456 0.490273
0.457 0.489178
0.458 0.488086
0.459 0.486996
0.46 0.485909
0.461 0.484824
0.462 0.483741
0.463 0.482662
0.464 0.481584
0.465 0.480509
0.466 0.479437
0.467 0.478367
0.468 0.4773
0.469 0.476235
0.47 0.475172
0.471 0.474112
0.472 0.473055
0.473 0.472
0.474 0.470947
0.475 0.469897
0.476 0.46885
0.477 0.467805
0.478 0.466762
0.479 0.465722
0.48 0.464684
0.481 0.463649
0.482 0.462616
0.483 0.461586
0.484 0.460558
0.485 0.459533
0.486 0.45851
0.487 0.457489
0.488 0.456471
0.489 0.455455
0.49 0.454442
0.491 0.453432
0.492 0.452423
0.493 0.451417
0.494 0.450414
0.495 0.449413
0.496 0.448414
0.497 0.447418
0.498 0.446425
0.499 0.445433
0.5 0.444444
0.501 0.443458
0.502 0.442474
0.503 0.441492
0.504 0.440513
0.505 0.439536
0.506 0.438562
0.507 0.43759
0.508 0.43662
0.509 0.435653
0.51 0.434688
0.511 0.433726
0.512 0.432765
0.513 0.431808
0.514 0.430852
0.515 0.429899
0.516 0.428949
0.517 0.428001
0.518 0.427055
0.519 0.426111
0.52 0.42517
0.521 0.424231
0.522 0.423295
0.523 0.422361
0.524 0.421429
0.525 0.420499
0.526 0.419572
0.527 0.418647
0.528 0.417725
0.529 0.416805
0.53 0.415887
0.531 0.414971
0.532 0.414058
0.533 0.413147
0.534 0.412239
0.535 0.411332
0.536 0.410428
0.537 0.409526
0.538 0.408627
0.539 0.40773
0.54 0.406835
0.541 0.405942
0.542 0.405052
0.543 0.404164
0.544 0.403278
0.545 0.402394
0.546 0.401513
0.547 0.400634
0.548 0.399757
0.549 0.398882
0.55 0.39801
0.551 0.39714
0.552 0.396272
0.553 0.395406
0.554 0.394543
0.555 0.393681
0.556 0.392822
0.557 0.391966
0.558 0.391111
0.559 0.390258
0.56 0.389408
0.561 0.38856
0.562 0.387714
0.563 0.38687
0.564 0.386029
0.565 0.385189
0.566 0.384352
0.567 0.383517
0.568 0.382684
0.569 0.381854
0.57 0.381025
0.571 0.380198
0.572 0.379374
0.573 0.378552
0.574 0.377732
0.575 0.376914
0.576 0.376098
0.577 0.375284
0.578 0.374473
0.579 0.373663
0.58 0.372856
0.581 0.372051
0.582 0.371248
0.583 0.370446
0.584 0.369647
0.585 0.368851
0.586 0.368056
0.587 0.367263
0.588 0.366472
0.589 0.365683
0.59 0.364897
0.591 0.364112
0.592 0.36333
0.593 0.362549
0.594 0.361771
0.595 0.360995
0.596 0.36022
0.597 0.359448
0.598 0.358678
0.599 0.357909
0.6 0.357143
0.601 0.356379
0.602 0.355616
0.603 0.354856
0.604 0.354098
0.605 0.353341
0.606 0.352587
0.607 0.351835
0.608 0.351084
0.609 0.350336
0.61 0.349589
0.611 0.348845
0.612 0.348102
0.613 0.347362
0.614 0.346623
0.615 0.345886
0.616 0.345151
0.617 0.344419
0.618 0.343688
0.619 0.342959
0.62 0.342231
0.621 0.341506
0.622 0.340783
0.623 0.340061
0.624 0.339342
0.625 0.338624
0.626 0.337909
0.627 0.337195
0.628 0.336483
0.629 0.335773
0.63 0.335064
0.631 0.334358
0.632 0.333654
0.633 0.332951
0.634 0.33225
0.635 0.331551
0.636 0.330854
0.637 0.330159
0.638 0.329465
0.639 0.328774
0.64 0.328084
0.641 0.327396
0.642 0.32671
0.643 0.326025
0.644 0.325343
0.645 0.324662
0.646 0.323983
0.647 0.323306
0.648 0.322631
0.649 0.321957
0.65 0.321285
0.651 0.320615
0.652 0.319947
0.653 0.31928
0.654 0.318615
0.655 0.317952
0.656 0.317291
0.657 0.316632
0.658 0.315974
0.659 0.315318
0.66 0.314663
0.661 0.314011
0.662 0.31336
0.663 0.312711
0.664 0.312063
0.665 0.311417
0.666 0.310773
0.667 0.310131
0.668 0.30949
0.669 0.308851
0.67 0.308214
0.671 0.307578
0.672 0.306944
0.673 0.306312
0.674 0.305681
0.675 0.305053
0.676 0.304425
0.677 0.3038
0.678 0.303176
0.679 0.302553
0.68 0.301932
0.681 0.301313
0.682 0.300696
0.683 0.30008
0.684 0.299466
0.685 0.298853
0.686 0.298242
0.687 0.297633
0.688 0.297025
0.689 0.296419
0.69 0.295814
0.691 0.295211
0.692 0.29461
0.693 0.29401
0.694 0.293412
0.695 0.292815
0.696 0.29222
0.697 0.291626
0.698 0.291034
0.699 0.290444
0.7 0.289855
0.701 0.289268
0.702 0.288682
0.703 0.288098
0.704 0.287515
0.705 0.286934
0.706 0.286354
0.707 0.285776
0.708 0.285199
0.709 0.284624
0.71 0.284051
0.711 0.283478
0.712 0.282908
0.713 0.282339
0.714 0.281771
0.715 0.281205
0.716 0.28064
0.717 0.280077
0.718 0.279515
0.719 0.278955
0.72 0.278396
0.721 0.277839
0.722 0.277283
0.723 0.276729
0.724 0.276176
0.725 0.275625
0.726 0.275074
0.727 0.274526
0.728 0.273979
0.729 0.273433
0.73 0.272889
0.731 0.272346
0.732 0.271804
0.733 0.271264
0.734 0.270725
0.735 0.270188
0.736 0.269652
0.737 0.269118
0.738 0.268585
0.739 0.268053
0.74 0.267523
0.741 0.266994
0.742 0.266466
0.743 0.26594
0.744 0.265415
0.745 0.264892
0.746 0.26437
0.747 0.263849
0.748 0.26333
0.749 0.262812
0.75 0.262295
0.751 0.26178
0.752 0.261266
0.753 0.260753
0.754 0.260242
0.755 0.259732
0.756 0.259223
0.757 0.258716
0.758 0.25821
0.759 0.257705
0.76 0.257202
0.761 0.256699
0.762 0.256199
0.763 0.255699
0.764 0.255201
0.765 0.254704
0.766 0.254208
0.767 0.253714
0.768 0.253221
0.769 0.252729
0.77 0.252239
0.771 0.251749
0.772 0.251261
0.773 0.250775
0.774 0.250289
0.775 0.249805
0.776 0.249322
0.777 0.24884
0.778 0.24836
0.779 0.24788
0.78 0.247402
0.781 0.246925
0.782 0.24645
0.783 0.245976
0.784 0.245502
0.785 0.245031
0.786 0.24456
0.787 0.24409
0.788 0.243622
0.789 0.243155
0.79 0.242689
0.791 0.242224
0.792 0.241761
0.793 0.241299
0.794 0.240837
0.795 0.240377
0.796 0.239919
0.797 0.239461
0.798 0.239005
0.799 0.238549
0.8 0.238095
0.801 0.237642
0.802 0.237191
0.803 0.23674
0.804 0.23629
0.805 0.235842
0.806 0.235395
0.807 0.234949
0.808 0.234504
0.809 0.23406
0.81 0.233618
0.811 0.233176
0.812 0.232736
0.813 0.232296
0.814 0.231858
0.815 0.231421
0.816 0.230985
0.817 0.23055
0.818 0.230117
0.819 0.229684
0.82 0.229253
0.821 0.228822
0.822 0.228393
0.823 0.227965
0.824 0.227537
0.825 0.227111
0.826 0.226686
0.827 0.226262
0.828 0.22584
0.829 0.225418
0.83 0.224997
0.831 0.224577
0.832 0.224159
0.833 0.223741
0.834 0.223325
0.835 0.222909
0.836 0.222495
0.837 0.222082
0.838 0.221669
0.839 0.221258
0.84 0.220848
0.841 0.220439
0.842 0.220031
0.843 0.219624
0.844 0.219217
0.845 0.218812
0.846 0.218408
0.847 0.218005
0.848 0.217603
0.849 0.217202
0.85 0.216802
0.851 0.216403
0.852 0.216005
0.853 0.215608
0.854 0.215212
0.855 0.214817
0.856 0.214423
0.857 0.21403
0.858 0.213638
0.859 0.213247
0.86 0.212857
0.861 0.212467
0.862 0.212079
0.863 0.211692
0.864 0.211306
0.865 0.21092
0.866 0.210536
0.867 0.210153
0.868 0.20977
0.869 0.209389
0.87 0.209008
0.871 0.208629
0.872 0.20825
0.873 0.207872
0.874 0.207496
0.875 0.20712
0.876 0.206745
0.877 0.206371
0.878 0.205998
0.879 0.205626
0.88 0.205254
0.881 0.204884
0.882 0.204515
0.883 0.204146
0.884 0.203779
0.885 0.203412
0.886 0.203046
0.887 0.202682
0.888 0.202318
0.889 0.201955
0.89 0.201593
0.891 0.201231
0.892 0.200871
0.893 0.200511
0.894 0.200153
0.895 0.199795
0.896 0.199438
0.897 0.199082
0.898 0.198727
0.899 0.198373
0.9 0.19802
0.901 0.197667
0.902 0.197316
0.903 0.196965
0.904 0.196615
0.905 0.196266
0.906 0.195918
0.907 0.195571
0.908 0.195224
0.909 0.194878
0.91 0.194534
0.911 0.19419
0.912 0.193847
0.913 0.193504
0.914 0.193163
0.915 0.192822
0.916 0.192482
0.917 0.192144
0.918 0.191805
0.919 0.191468
0.92 0.191132
0.921 0.190796
0.922 0.190461
0.923 0.190127
0.924 0.189794
0.925 0.189461
0.926 0.18913
0.927 0.188799
0.928 0.188469
0.929 0.18814
0.93 0.187811
0.931 0.187483
0.932 0.187157
0.933 0.186831
0.934 0.186505
0.935 0.186181
0.936 0.185857
0.937 0.185534
0.938 0.185212
0.939 0.184891
0.94 0.18457
0.941 0.18425
0.942 0.183931
0.943 0.183613
0.944 0.183295
0.945 0.182978
0.946 0.182662
0.947 0.182347
0.948 0.182033
0.949 0.181719
0.95 0.181406
0.951 0.181094
0.952 0.180782
0.953 0.180471
0.954 0.180161
0.955 0.179852
0.956 0.179543
0.957 0.179236
0.958 0.178929
0.959 0.178622
0.96 0.178317
0.961 0.178012
0.962 0.177708
0.963 0.177404
0.964 0.177101
0.965 0.176799
0.966 0.176498
0.967 0.176198
0.968 0.175898
0.969 0.175599
0.97 0.1753
0.971 0.175003
0.972 0.174705
0.973 0.174409
0.974 0.174114
0.975 0.173819
0.976 0.173524
0.977 0.173231
0.978 0.172938
0.979 0.172646
0.98 0.172355
0.981 0.172064
0.982 0.171774
0.983 0.171484
0.984 0.171196
0.985 0.170908
0.986 0.17062
0.987 0.170333
0.988 0.170047
0.989 0.169762
0.99 0.169477
0.991 0.169193
0.992 0.16891
0.993 0.168627
0.994 0.168345
0.995 0.168064
0.996 0.167783
0.997 0.167503
0.998 0.167224
0.999 0.166945
1 0.166667
1.001 0.166389
1.002 0.166112
1.003 0.165836
1.004 0.16556
1.005 0.165285
1.006 0.165011
1.007 0.164737
1.008 0.164464
1.009 0.164192
1.01 0.16392
1.011 0.163649
1.012 0.163378
1.013 0.163108
1.014 0.162839
1.015 0.16257
1.016 0.162302
1.017 0.162034
1.018 0.161767
1.019 0.161501
1.02 0.161235
1.021 0.16097
1.022 0.160706
1.023 0.160442
1.024 0.160178
1.025 0.159915
1.026 0.159653
1.027 0.159391
1.028 0.15913
1.029 0.15887
1.03 0.15861
1.031 0.158351
1.032 0.158092
1.033 0.157834
1.034 0.157576
1.035 0.157319
1.036 0.157062
1.037 0.156806
1.038 0.156551
1.039 0.156296
1.04 0.156042
1.041 0.155788
1.042 0.155535
1.043 0.155282
1.044 0.15503
1.045 0.154778
1.046 0.154527
1.047 0.154277
1.048 0.154027
1.049 0.153777
1.05 0.153528
1.051 0.15328
1.052 0.153032
1.053 0.152784
1.054 0.152537
1.055 0.152291
1.056 0.152045
1.057 0.1518
1.058 0.151555
1.059 0.15131
1.06 0.151066
1.061 0.150823
1.062 0.15058
1.063 0.150338
1.064 0.150096
1.065 0.149854
1.066 0.149613
1.067 0.149373
1.068 0.149133
1.069 0.148893
1.07 0.148654
1.071 0.148416
1.072 0.148178
1.073 0.14794
1.074 0.147703
1.075 0.147466
1.076 0.14723
1.077 0.146994
1.078 0.146758
1.079 0.146523
1.08 0.146289
1.081 0.146055
1.082 0.145821
1.083 0.145588
1.084 0.145355
1.085 0.145123
1.086 0.144891
1.087 0.144659
1.088 0.144428
1.089 0.144198
1.09 0.143968
1.091 0.143738
1.092 0.143508
1.093 0.143279
1.094 0.143051
1.095 0.142823
1.096 0.142595
1.097 0.142367
1.098 0.14214
1.099 0.141914
1.1 0.141688
1.101 0.141462
1.102 0.141236
1.103 0.141011
1.104 0.140787
1.105 0.140562
1.106 0.140338
1.107 0.140115
1.108 0.139892
1.109 0.139669
1.11 0.139446
1.111 0.139224
1.112 0.139002
1.113 0.138781
1.114 0.13856
1.115 0.138339
1.116 0.138119
1.117 0.137899
1.118 0.137679
1.119 0.13746
1.12 0.137241
1.121 0.137022
1.122 0.136804
1.123 0.136585
1.124 0.136368
1.125 0.13615
1.126 0.135933
1.127 0.135716
1.128 0.1355
1.129 0.135284
1.13 0.135068
1.131 0.134852
1.132 0.134637
1.133 0.134422
1.134 0.134207
1.135 0.133993
1.136 0.133779
1.137 0.133565
1.138 0.133351
1.139 0.133138
1.14 0.132925
1.141 0.132712
1.142 0.1325
1.143 0.132287
1.144 0.132075
1.145 0.131864
1.146 0.131652
1.147 0.131441
1.148 0.13123
1.149 0.131019
1.15 0.130809
1.151 0.130599
1.152 0.130389
1.153 0.130179
1.154 0.129969
1.155 0.12976
1.156 0.129551
1.157 0.129342
1.158 0.129134
1.159 0.128925
1.16 0.128717
1.161 0.128509
1.162 0.128301
1.163 0.128094
1.164 0.127886
1.165 0.127679
1.166 0.127472
1.167 0.127265
1.168 0.127058
1.169 0.126852
1.17 0.126646
1.171 0.12644
1.172 0.126234
1.173 0.126028
1.174 0.125823
1.175 0.125617
1.176 0.125412
1.177 0.125207
1.178 0.125002
1.179 0.124797
1.18 0.124592
1.181 0.124388
1.182 0.124184
1.183 0.12398
1.184 0.123775
1.185 0.123572
1.186 0.123368
1.187 0.123164
1.188 0.122961
1.189 0.122757
1.19 0.122554
1.191 0.122351
1.192 0.122148
1.193 0.121945
1.194 0.121742
1.195 0.121539
1.196 0.121336
1.197 0.121134
1.198 0.120931
1.199 0.120729
1.2 0.120527
1.201 0.120325
1.202 0.120123
1.203 0.11992
1.204 0.119719
1.205 0.119517
1.206 0.119315
1.207 0.119113
1.208 0.118911
1.209 0.11871
1.21 0.118508
1.211 0.118307
1.212 0.118105
1.213 0.117904
1.214 0.117702
1.215 0.117501
1.216 0.1173
1.217 0.117098
1.218 0.116897
1.219 0.116696
1.22 0.116495
1.221 0.116293
1.222 0.116092
1.223 0.115891
1.224 0.11569
1.225 0.115489
1.226 0.115288
1.227 0.115086
1.228 0.114885
1.229 0.114684
1.23 0.114483
1.231 0.114282
1.232 0.114081
1.233 0.113879
1.234 0.113678
1.235 0.113477
1.236 0.113276
1.237 0.113074
1.238 0.112873
1.239 0.112671
1.24 0.11247
1.241 0.112268
1.242 0.112067
1.243 0.111865
1.244 0.111664
1.245 0.111462
1.246 0.11126
1.247 0.111058
1.248 0.110856
1.249 0.110654
1.25 0.110452
1.251 0.11025
1.252 0.110048
1.253 0.109846
1.254 0.109643
1.255 0.109441
1.256 0.109238
1.257 0.109035
1.258 0.108833
1.259 0.10863
1.26 0.108427
1.261 0.108224
1.262 0.10802
1.263 0.107817
1.264 0.107613
1.265 0.10741
1.266 0.107206
1.267 0.107002
1.268 0.106798
1.269 0.106594
1.27 0.10639
1.271 0.106185
1.272 0.105981
1.273 0.105776
1.274 0.105571
1.275 0.105366
1.276 0.105161
1.277 0.104955
1.278 0.10475
1.279 0.104544
1.28 0.104338
1.281 0.104132
1.282 0.103925
1.283 0.103719
1.284 0.103512
1.285 0.103305
1.286 0.103098
1.287 0.102891
1.288 0.102684
1.289 0.102476
1.29 0.102268
1.291 0.10206
1.292 0.101851
1.293 0.101643
1.294 0.101434
1.295 0.101225
1.296 0.101016
1.297 0.100806
1.298 0.100597
1.299 0.100387
1.3 0.100176
1.301 0.099966
1.302 0.0997553
1.303 0.0995443
1.304 0.0993331
1.305 0.0991215
1.306 0.0989098
1.307 0.0986977
1.308 0.0984854
1.309 0.0982728
1.31 0.0980599
1.311 0.0978468
1.312 0.0976333
1.313 0.0974196
1.314 0.0972055
1.315 0.0969912
1.316 0.0967765
1.317 0.0965616
1.318 0.0963463
1.319 0.0961308
1.32 0.0959149
1.321 0.0956987
1.322 0.0954821
1.323 0.0952653
1.324 0.0950481
1.325 0.0948306
1.326 0.0946127
1.327 0.0943945
1.328 0.0941759
1.329 0.093957
1.33 0.0937378
1.331 0.0935182
1.332 0.0932982
1.333 0.0930779
1.334 0.0928572
1.335 0.0926361
1.336 0.0924147
1.337 0.0921929
1.338 0.0919707
1.339 0.0917481
1.34 0.0915252
1.341 0.0913018
1.342 0.0910781
1.343 0.0908539
1.344 0.0906294
1.345 0.0904044
1.346 0.090179
1.347 0.0899533
1.348 0.0897271
1.349 0.0895005
1.35 0.0892734
1.351 0.089046
1.352 0.0888181
1.353 0.0885898
1.354 0.088361
1.355 0.0881318
1.356 0.0879022
1.357 0.0876721
1.358 0.0874415
1.359 0.0872105
1.36 0.0869791
1.361 0.0867471
1.362 0.0865147
1.363 0.0862819
1.364 0.0860486
1.365 0.0858147
1.366 0.0855805
1.367 0.0853457
1.368 0.0851104
1.369 0.0848747
1.37 0.0846384
1.371 0.0844017
1.372 0.0841644
1.373 0.0839267
1.374 0.0836884
1.375 0.0834496
1.376 0.0832103
1.377 0.0829705
1.378 0.0827302
1.379 0.0824893
1.38 0.0822479
1.381 0.082006
1.382 0.0817635
1.383 0.0815205
1.384 0.081277
1.385 0.0810329
1.386 0.0807882
1.387 0.080543
1.388 0.0802972
1.389 0.0800509
1.39 0.079804
1.391 0.0795565
1.392 0.0793084
1.393 0.0790598
1.394 0.0788106
1.395 0.0785608
1.396 0.0783104
1.397 0.0780594
1.398 0.0778079
1.399 0.0775557
1.4 0.0773029
1.401 0.0770495
1.402 0.0767955
1.403 0.0765409
1.404 0.0762856
1.405 0.0760298
1.406 0.0757733
1.407 0.0755162
1.408 0.0752584
1.409 0.075
1.41 0.074741
1.411 0.0744813
1.412 0.074221
1.413 0.0739601
1.414 0.0736984
1.415 0.0734361
1.416 0.0731732
1.417 0.0729096
1.418 0.0726453
1.419 0.0723803
1.42 0.0721147
1.421 0.0718483
1.422 0.0715813
1.423 0.0713136
1.424 0.0710453
1.425 0.0707762
1.426 0.0705064
1.427 0.0702359
1.428 0.0699647
1.429 0.0696928
1.43 0.0694202
1.431 0.0691468
1.432 0.0688728
1.433 0.068598
1.434 0.0683224
1.435 0.0680462
1.436 0.0677692
1.437 0.0674915
1.438 0.067213
1.439 0.0669337
1.44 0.0666538
1.441 0.066373
1.442 0.0660915
1.443 0.0658093
1.444 0.0655262
1.445 0.0652424
1.446 0.0649579
1.447 0.0646725
1.448 0.0643864
1.449 0.0640995
1.45 0.0638117
1.451 0.0635232
1.452 0.0632339
1.453 0.0629438
1.454 0.0626529
1.455 0.0623612
1.456 0.0620687
1.457 0.0617753
1.458 0.0614812
1.459 0.0611862
1.46 0.0608904
1.461 0.0605937
1.462 0.0602962
1.463 0.0599979
1.464 0.0596987
1.465 0.0593987
1.466 0.0590979
1.467 0.0587961
1.468 0.0584936
1.469 0.0581901
1.47 0.0578858
1.471 0.0575807
1.472 0.0572746
1.473 0.0569677
1.474 0.0566599
1.475 0.0563512
1.476 0.0560416
1.477 0.0557312
1.478 0.0554198
1.479 0.0551076
1.48 0.0547944
1.481 0.0544803
1.482 0.0541653
1.483 0.0538494
1.484 0.0535326
1.485 0.0532149
1.486 0.0528962
1.487 0.0525766
1.488 0.0522561
1.489 0.0519346
1.49 0.0516122
1.491 0.0512889
1.492 0.0509646
1.493 0.0506393
1.494 0.0503131
1.495 0.0499859
1.496 0.0496578
1.497 0.0493287
1.498 0.0489986
1.499 0.0486675
1.5 0.0483355
1.501 0.0480025
1.502 0.0476685
1.503 0.0473335
1.504 0.0469975
1.505 0.0466605
1.506 0.0463225
1.507 0.0459835
1.508 0.0456435
1.509 0.0453025
1.51 0.0449604
1.511 0.0446174
1.512 0.0442733
1.513 0.0439281
1.514 0.043582
1.515 0.0432348
1.516 0.0428866
1.517 0.0425373
1.518 0.042187
1.519 0.0418356
1.52 0.0414831
1.521 0.0411296
1.522 0.0407751
1.523 0.0404194
1.524 0.0400627
1.525 0.0397049
1.526 0.0393461
1.527 0.0389861
1.528 0.0386251
1.529 0.038263
1.53 0.0378998
1.531 0.0375354
1.532 0.03717
1.533 0.0368035
1.534 0.0364358
1.535 0.0360671
1.536 0.0356972
1.537 0.0353262
1.538 0.0349541
1.539 0.0345808
1.54 0.0342064
1.541 0.0338309
1.542 0.0334542
1.543 0.0330764
1.544 0.0326974
1.545 0.0323173
1.546 0.031936
1.547 0.0315536
1.548 0.03117
1.549 0.0307852
1.55 0.0303992
1.551 0.0300121
1.552 0.0296238
1.553 0.0292343
1.554 0.0288436
1.555 0.0284517
1.556 0.0280586
1.557 0.0276643
1.558 0.0272689
1.559 0.0268722
1.56 0.0264743
1.561 0.0260751
1.562 0.0256748
1.563 0.0252732
1.564 0.0248704
1.565 0.0244664
1.566 0.0240611
1.567 0.0236546
1.568 0.0232469
1.569 0.0228379
1.57 0.0224276
1.571 0.0220161
1.572 0.0216033
1.573 0.0211893
1.574 0.020774
1.575 0.0203574
1.576 0.0199396
1.577 0.0195205
1.578 0.0191
1.579 0.0186783
1.58 0.0182553
1.581 0.0178311
1.582 0.0174055
1.583 0.0169786
1.584 0.0165504
1.585 0.0161209
1.586 0.01569
1.587 0.0152579
1.588 0.0148244
1.589 0.0143896
1.59 0.0139535
1.591 0.013516
1.592 0.0130772
1.593 0.0126371
1.594 0.0121956
1.595 0.0117527
1.596 0.0113085
1.597 0.010863
1.598 0.0104161
1.599 0.00996777
1.6 0.0095181
1.601 0.00906707
1.602 0.00861465
1.603 0.00816085
1.604 0.00770566
1.605 0.00724908
1.606 0.00679111
1.607 0.00633173
1.608 0.00587096
1.609 0.00540877
1.61 0.00494518
1.611 0.00448017
1.612 0.00401374
1.613 0.00354589
1.614 0.00307661
1.615 0.00260589
1.616 0.00213375
1.617 0.00166016
1.618 0.00118513
1.619 0.000708655
1.62 0.000230727
1.621 -0.000248657
1.622 -0.0007295
1.623 -0.00121181
1.624 -0.00169558
1.625 -0.00218083
1.626 -0.00266755
1.627 -0.00315575
1.628 -0.00364543
1.629 -0.0041366
1.63 -0.00462927
1.631 -0.00512342
1.632 -0.00561908
1.633 -0.00611624
1.634 -0.00661491
1.635 -0.0071151
1.636 -0.00761679
1.637 -0.00812001
1.638 -0.00862475
1.639 -0.00913102
1.64 -0.00963882
1.641 -0.0101482
1.642 -0.010659
1.643 -0.0111715
1.644 -0.0116854
1.645 -0.012201
1.646 -0.012718
1.647 -0.0132367
1.648 -0.0137569
1.649 -0.0142786
1.65 -0.014802
1.651 -0.0153269
1.652 -0.0158534
1.653 -0.0163815
1.654 -0.0169112
1.655 -0.0174424
1.656 -0.0179753
1.657 -0.0185098
1.658 -0.0190458
1.659 -0.0195835
1.66 -0.0201228
1.661 -0.0206637
1.662 -0.0212063
1.663 -0.0217504
1.664 -0.0222962
1.665 -0.0228436
1.666 -0.0233927
1.667 -0.0239434
1.668 -0.0244957
1.669 -0.0250497
1.67 -0.0256054
1.671 -0.0261627
1.672 -0.0267217
1.673 -0.0272823
1.674 -0.0278446
1.675 -0.0284086
1.676 -0.0289742
1.677 -0.0295416
1.678 -0.0301106
1.679 -0.0306813
1.68 -0.0312537
1.681 -0.0318279
1.682 -0.0324037
1.683 -0.0329812
1.684 -0.0335604
1.685 -0.0341414
1.686 -0.0347241
1.687 -0.0353085
1.688 -0.0358946
1.689 -0.0364824
1.69 -0.037072
1.691 -0.0376634
1.692 -0.0382564
1.693 -0.0388513
1.694 -0.0394479
1.695 -0.0400462
1.696 -0.0406463
1.697 -0.0412481
1.698 -0.0418518
1.699 -0.0424572
1.7 -0.0430644
1.701 -0.0436733
1.702 -0.0442841
1.703 -0.0448966
1.704 -0.0455109
1.705 -0.0461271
1.706 -0.046745
1.707 -0.0473647
1.708 -0.0479863
1.709 -0.0486096
1.71 -0.0492348
1.711 -0.0498618
1.712 -0.0504907
1.713 -0.0511213
1.714 -0.0517538
1.715 -0.0523882
1.716 -0.0530243
1.717 -0.0536624
1.718 -0.0543023
1.719 -0.054944
1.72 -0.0555876
1.721 -0.0562331
1.722 -0.0568804
1.723 -0.0575296
1.724 -0.0581807
1.725 -0.0588336
1.726 -0.0594885
1.727 -0.0601452
1.728 -0.0608039
1.729 -0.0614644
1.73 -0.0621268
1.731 -0.0627912
1.732 -0.0634574
1.733 -0.0641256
1.734 -0.0647957
1.735 -0.0654677
1.736 -0.0661416
1.737 -0.0668175
1.738 -0.0674952
1.739 -0.068175
1.74 -0.0688567
1.741 -0.0695403
1.742 -0.0702259
1.743 -0.0709134
1.744 -0.0716029
1.745 -0.0722944
1.746 -0.0729878
1.747 -0.0736832
1.748 -0.0743806
1.749 -0.07508
1.75 -0.0757813
1.751 -0.0764847
1.752 -0.07719
1.753 -0.0778973
1.754 -0.0786067
1.755 -0.079318
1.756 -0.0800314
1.757 -0.0807467
1.758 -0.0814641
1.759 -0.0821835
1.76 -0.082905
1.761 -0.0836285
1.762 -0.084354
1.763 -0.0850815
1.764 -0.0858111
1.765 -0.0865428
1.766 -0.0872765
1.767 -0.0880122
1.768 -0.08875
1.769 -0.0894899
1.77 -0.0902319
1.771 -0.0909759
1.772 -0.091722
1.773 -0.0924702
1.774 -0.0932205
1.775 -0.0939729
1.776 -0.0947273
1.777 -0.0954839
1.778 -0.0962426
1.779 -0.0970033
1.78 -0.0977662
1.781 -0.0985312
1.782 -0.0992984
1.783 -0.100068
1.784 -0.100839
1.785 -0.101613
1.786 -0.102388
1.787 -0.103166
1.788 -0.103946
1.789 -0.104728
1.79 -0.105512
1.791 -0.106299
1.792 -0.107087
1.793 -0.107878
1.794 -0.108671
1.795 -0.109466
1.796 -0.110263
1.797 -0.111063
1.798 -0.111864
1.799 -0.112668
1.8 -0.113474
1.801 -0.114282
1.802 -0.115093
1.803 -0.115906
1.804 -0.11672
1.805 -0.117538
1.806 -0.118357
1.807 -0.119178
1.808 -0.120002
1.809 -0.120828
1.81 -0.121656
1.811 -0.122487
1.812 -0.12332
1.813 -0.124155
1.814 -0.124992
1.815 -0.125831
1.816 -0.126673
1.817 -0.127517
1.818 -0.128364
1.819 -0.129212
1.82 -0.130063
1.821 -0.130916
1.822 -0.131772
1.823 -0.13263
1.824 -0.13349
1.825 -0.134352
1.826 -0.135217
1.827 -0.136084
1.828 -0.136953
1.829 -0.137825
1.83 -0.138699
1.831 -0.139575
1.832 -0.140454
1.833 -0.141335
1.834 -0.142218
1.835 -0.143104
1.836 -0.143992
1.837 -0.144882
1.838 -0.145775
1.839 -0.14667
1.84 -0.147567
1.841 -0.148467
1.842 -0.149369
1.843 -0.150274
1.844 -0.151181
1.845 -0.15209
1.846 -0.153002
1.847 -0.153916
1.848 -0.154833
1.849 -0.155752
1.85 -0.156674
1.851 -0.157597
1.852 -0.158524
1.853 -0.159452
1.854 -0.160383
1.855 -0.161317
1.856 -0.162253
1.857 -0.163191
1.858 -0.164132
1.859 -0.165076
1.86 -0.166021
1.861 -0.16697
1.862 -0.16792
1.863 -0.168874
1.864 -0.169829
1.865 -0.170787
1.866 -0.171748
1.867 -0.172711
1.868 -0.173677
1.869 -0.174645
1.87 -0.175616
1.871 -0.176589
1.872 -0.177564
1.873 -0.178542
1.874 -0.179523
1.875 -0.180506
1.876 -0.181492
1.877 -0.18248
1.878 -0.183471
1.879 -0.184464
1.88 -0.18546
1.881 -0.186459
1.882 -0.18746
1.883 -0.188463
1.884 -0.189469
1.885 -0.190478
1.886 -0.191489
1.887 -0.192503
1.888 -0.193519
1.889 -0.194538
1.89 -0.19556
1.891 -0.196584
1.892 -0.197611
1.893 -0.19864
1.894 -0.199672
1.895 -0.200707
1.896 -0.201744
1.897 -0.202784
1.898 -0.203826
1.899 -0.204871
1.9 -0.205919
1.901 -0.206969
1.902 -0.208022
1.903 -0.209078
1.904 -0.210136
1.905 -0.211197
1.906 -0.21226
1.907 -0.213327
1.908 -0.214396
1.909 -0.215467
1.91 -0.216542
1.911 -0.217618
1.912 -0.218698
1.913 -0.21978
1.914 -0.220865
1.915 -0.221953
1.916 -0.223044
1.917 -0.224137
1.918 -0.225233
1.919 -0.226331
1.92 -0.227432
1.921 -0.228536
1.922 -0.229643
1.923 -0.230753
1.924 -0.231865
1.925 -0.23298
1.926 -0.234098
1.927 -0.235218
1.928 -0.236341
1.929 -0.237467
1.93 -0.238596
1.931 -0.239728
1.932 -0.240862
1.933 -0.241999
1.934 -0.243139
1.935 -0.244281
1.936 -0.245427
1.937 -0.246575
1.938 -0.247726
1.939 -0.24888
1.94 -0.250037
1.941 -0.251196
1.942 -0.252359
1.943 -0.253524
1.944 -0.254692
1.945 -0.255862
1.946 -0.257036
1.947 -0.258212
1.948 -0.259392
1.949 -0.260574
1.95 -0.261759
1.951 -0.262947
1.952 -0.264138
1.953 -0.265331
1.954 -0.266528
1.955 -0.267727
1.956 -0.268929
1.957 -0.270135
1.958 -0.271343
1.959 -0.272554
1.96 -0.273767
1.961 -0.274984
1.962 -0.276204
1.963 -0.277426
1.964 -0.278652
1.965 -0.27988
1.966 -0.281112
1.967 -0.282346
1.968 -0.283583
1.969 -0.284823
1.97 -0.286066
1.971 -0.287313
1.972 -0.288562
1.973 -0.289814
1.974 -0.291068
1.975 -0.292326
1.976 -0.293587
1.977 -0.294851
1.978 -0.296118
1.979 -0.297388
1.98 -0.298661
1.981 -0.299937
1.982 -0.301215
1.983 -0.302497
1.984 -0.303782
1.985 -0.30507
1.986 -0.306361
1.987 -0.307655
1.988 -0.308952
1.989 -0.310252
1.99 -0.311555
1.991 -0.312861
1.992 -0.31417
1.993 -0.315482
1.994 -0.316797
1.995 -0.318115
1.996 -0.319437
1.997 -0.320761
1.998 -0.322089
1.999 -0.323419
2 -0.324753
