-1.00000 -nan
-0.99000 0.16948
-0.98000 0.17235
-0.97000 0.17530
-0.96000 0.17832
-0.95000 0.18141
-0.94000 0.18457
-0.93000 0.18781
-0.92000 0.19113
-0.91000 0.19453
-0.90000 0.19802
-0.89000 0.20159
-0.88000 0.20525
-0.87000 0.20901
-0.86000 0.21286
-0.85000 0.21680
-0.84000 0.22085
-0.83000 0.22500
-0.82000 0.22925
-0.81000 0.23362
-0.80000 0.23810
-0.79000 0.24269
-0.78000 0.24740
-0.77000 0.25224
-0.76000 0.25720
-0.75000 0.26230
-0.74000 0.26752
-0.73000 0.27289
-0.72000 0.27840
-0.71000 0.28405
-0.70000 0.28985
-0.69000 0.29581
-0.68000 0.30193
-0.67000 0.30821
-0.66000 0.31466
-0.65000 0.32129
-0.64000 0.32808
-0.63000 0.33506
-0.62000 0.34223
-0.61000 0.34959
-0.60000 0.35714
-0.59000 0.36490
-0.58000 0.37286
-0.57000 0.38102
-0.56000 0.38941
-0.55000 0.39801
-0.54000 0.40683
-0.53000 0.41589
-0.52000 0.42517
-0.51000 0.43469
-0.50000 0.44444
-0.49000 0.45444
-0.48000 0.46468
-0.47000 0.47517
-0.46000 0.48591
-0.45000 0.49689
-0.44000 0.50813
-0.43000 0.51962
-0.42000 0.53135
-0.41000 0.54333
-0.40000 0.55556
-0.39000 0.56802
-0.38000 0.58072
-0.37000 0.59365
-0.36000 0.60680
-0.35000 0.62016
-0.34000 0.63371
-0.33000 0.64746
-0.32000 0.66138
-0.31000 0.67545
-0.30000 0.68966
-0.29000 0.70398
-0.28000 0.71839
-0.27000 0.73287
-0.26000 0.74738
-0.25000 0.76190
-0.24000 0.77640
-0.23000 0.79083
-0.22000 0.80515
-0.21000 0.81934
-0.20000 0.83333
-0.19000 0.84710
-0.18000 0.86059
-0.17000 0.87374
-0.16000 0.88652
-0.15000 0.89888
-0.14000 0.91075
-0.13000 0.92208
-0.12000 0.93284
-0.11000 0.94295
-0.10000 0.95238
-0.09000 0.96108
-0.08000 0.96899
-0.07000 0.97609
-0.06000 0.98232
-0.05000 0.98765
-0.04000 0.99206
-0.03000 0.99552
-0.02000 0.99800
-0.01000 0.99950
0.00000 1.00000
0.01000 0.99950
0.02000 0.99800
0.03000 0.99552
0.04000 0.99206
0.05000 0.98765
0.06000 0.98232
0.07000 0.97609
0.08000 0.96899
0.09000 0.96108
0.10000 0.95238
0.11000 0.94295
0.12000 0.93284
0.13000 0.92208
0.14000 0.91075
0.15000 0.89888
0.16000 0.88652
0.17000 0.87374
0.18000 0.86059
0.19000 0.84710
0.20000 0.83333
0.21000 0.81934
0.22000 0.80515
0.23000 0.79083
0.24000 0.77640
0.25000 0.76190
0.26000 0.74738
0.27000 0.73287
0.28000 0.71839
0.29000 0.70398
0.30000 0.68966
0.31000 0.67545
0.32000 0.66138
0.33000 0.64746
0.34000 0.63371
0.35000 0.62016
0.36000 0.60680
0.37000 0.59365
0.38000 0.58072
0.39000 0.56802
0.40000 0.55556
0.41000 0.54333
0.42000 0.53135
0.43000 0.51962
0.44000 0.50813
0.45000 0.49689
0.46000 0.48591
0.47000 0.47517
0.48000 0.46468
0.49000 0.45444
0.50000 0.44444
0.51000 0.43469
0.52000 0.42517
0.53000 0.41589
0.54000 0.40683
0.55000 0.39801
0.56000 0.38941
0.57000 0.38102
0.58000 0.37286
0.59000 0.36490
0.60000 0.35714
0.61000 0.34959
0.62000 0.34223
0.63000 0.33506
0.64000 0.32808
0.65000 0.32129
0.66000 0.31466
0.67000 0.30821
0.68000 0.30193
0.69000 0.29581
0.70000 0.28985
0.71000 0.28405
0.72000 0.27840
0.73000 0.27289
0.74000 0.26752
0.75000 0.26230
0.76000 0.25720
0.77000 0.25224
0.78000 0.24740
0.79000 0.24269
0.80000 0.23810
0.81000 0.23362
0.82000 0.22925
0.83000 0.22500
0.84000 0.22085
0.85000 0.21680
0.86000 0.21286
0.87000 0.20901
0.88000 0.20525
0.89000 0.20159
0.90000 0.19802
0.91000 0.19453
0.92000 0.19113
0.93000 0.18781
0.94000 0.18457
0.95000 0.18141
0.96000 0.17832
0.97000 0.17530
0.98000 0.17235
0.99000 0.16948
